0.173899 0.110171 0.000010 0.000010 0.715911
0.205803 0.046536 0.000010 0.000010 0.747641
0.217810 0.000010 0.000010 0.000010 0.782160
0.188241 0.073215 0.000010 0.000010 0.738524
0.214960 0.000010 0.000010 0.000010 0.785010
0.166859 0.010639 0.000010 0.000010 0.822482
0.281515 0.008717 0.000010 0.000010 0.709749
0.302371 0.039185 0.000010 0.260115 0.398319
0.177582 0.051227 0.000010 0.000010 0.771171
0.217270 0.000010 0.000010 0.000010 0.782700
0.877097 0.122873 0.000010 0.000010 0.000010
0.892671 0.107299 0.000010 0.000010 0.000010
0.854904 0.145066 0.000010 0.000010 0.000010
0.777021 0.222949 0.000010 0.000010 0.000010
0.739001 0.242508 0.000010 0.018471 0.000010
0.897293 0.102677 0.000010 0.000010 0.000010
0.823837 0.176133 0.000010 0.000010 0.000010
0.912370 0.087600 0.000010 0.000010 0.000010
0.854924 0.145046 0.000010 0.000010 0.000010
0.641570 0.091557 0.000010 0.203367 0.063497
0.799883 0.199360 0.000010 0.000510 0.000238
0.821339 0.178631 0.000010 0.000010 0.000010
0.835142 0.164828 0.000010 0.000010 0.000010
0.829506 0.170464 0.000010 0.000010 0.000010
0.868696 0.131274 0.000010 0.000010 0.000010
0.939688 0.060279 0.000010 0.000014 0.000010
0.957808 0.042162 0.000010 0.000010 0.000010
0.941424 0.058546 0.000010 0.000010 0.000010
0.930457 0.069513 0.000010 0.000010 0.000010
0.892177 0.107793 0.000010 0.000010 0.000010
0.025933 0.958322 0.000010 0.015725 0.000010
0.027298 0.972672 0.000010 0.000010 0.000010
0.087385 0.889931 0.000010 0.012758 0.009915
0.033893 0.932303 0.000010 0.000010 0.033784
0.051078 0.927590 0.000013 0.021309 0.000010
0.040449 0.959520 0.000010 0.000011 0.000010
0.007052 0.981303 0.000010 0.011626 0.000010
0.048764 0.951206 0.000010 0.000010 0.000010
0.014044 0.969662 0.000010 0.000010 0.016274
0.027510 0.972460 0.000010 0.000010 0.000010
0.000010 0.730090 0.000010 0.000010 0.269880
0.072158 0.662149 0.000010 0.000010 0.265673
0.000010 0.656344 0.000010 0.000010 0.343626
0.009734 0.692135 0.000010 0.000010 0.298110
0.000010 0.718483 0.000010 0.000010 0.281487
0.077332 0.656348 0.000010 0.000010 0.266300
0.000010 0.713765 0.000010 0.000010 0.286205
0.019034 0.647811 0.000010 0.000010 0.333134
0.032813 0.726831 0.000010 0.000010 0.240336
0.000010 0.993820 0.000010 0.006150 0.000010
0.227128 0.653125 0.000010 0.000010 0.119726
0.250822 0.749148 0.000010 0.000010 0.000010
0.000010 0.991763 0.000010 0.008207 0.000010
0.000010 0.955753 0.000010 0.000010 0.044217
0.164574 0.790488 0.000010 0.000010 0.044919
0.001307 0.955333 0.000010 0.007396 0.035954
0.089523 0.895066 0.000010 0.000010 0.015390
0.041846 0.945843 0.000010 0.000010 0.012290
0.006321 0.993649 0.000010 0.000010 0.000010
0.631565 0.268432 0.000010 0.000010 0.099983
0.599878 0.335904 0.000010 0.000010 0.064198
0.583877 0.340666 0.000010 0.000010 0.075437
0.646680 0.261068 0.000010 0.000010 0.092231
0.630426 0.284404 0.000010 0.000010 0.085151
0.634898 0.321248 0.000010 0.000010 0.043834
0.712599 0.254814 0.000010 0.000010 0.032567
0.686359 0.297106 0.000010 0.000010 0.016515
0.648449 0.292994 0.000010 0.000010 0.058536
0.614362 0.304032 0.000010 0.000010 0.081586
0.024238 0.433793 0.000010 0.000010 0.541949
0.000010 0.389737 0.000010 0.000010 0.610232
0.014307 0.428075 0.000010 0.000010 0.557598
0.000010 0.461716 0.000010 0.000010 0.538254
0.000016 0.337330 0.000010 0.000010 0.662634
0.021235 0.412311 0.000010 0.000010 0.566435
0.000010 0.360103 0.000010 0.000010 0.639867
0.015985 0.474172 0.000010 0.000010 0.509823
0.045853 0.446406 0.000010 0.000010 0.507721
0.000019 0.412260 0.000010 0.000010 0.587701
0.000010 0.969902 0.000010 0.000010 0.030068
0.000010 0.971332 0.000010 0.000010 0.028638
0.000010 0.999960 0.000010 0.000010 0.000010
0.001017 0.958620 0.000010 0.000010 0.040343
0.000010 0.983232 0.000010 0.000010 0.016738
0.000010 0.992878 0.000010 0.000010 0.007092
0.013364 0.977979 0.000010 0.000010 0.008638
0.000010 0.967801 0.000010 0.000010 0.032169
0.000010 0.999960 0.000010 0.000010 0.000010
0.000010 0.970606 0.000010 0.000010 0.029364
0.000017 0.000010 0.000010 0.000010 0.999953
0.000010 0.000010 0.000014 0.000010 0.999956
0.000010 0.000010 0.000010 0.000010 0.999960
0.038816 0.000010 0.000010 0.000010 0.961154
0.000010 0.000010 0.000010 0.000010 0.999960
0.000010 0.000010 0.000010 0.000010 0.999960
0.000010 0.000010 0.000010 0.000010 0.999960
0.000010 0.000010 0.000010 0.000010 0.999960
0.000010 0.000010 0.000010 0.000010 0.999960
0.000010 0.000010 0.000010 0.000010 0.999960
0.126188 0.000010 0.000010 0.000010 0.873782
0.000010 0.000010 0.000010 0.000010 0.999960
0.077708 0.000010 0.000010 0.274521 0.647751
0.000010 0.000010 0.000010 0.000010 0.999960
0.102339 0.000010 0.000010 0.000010 0.897631
0.000010 0.000010 0.000010 0.000010 0.999960
0.000010 0.000010 0.000010 0.000010 0.999960
0.121609 0.000010 0.000010 0.000010 0.878361
0.000010 0.000010 0.000010 0.000010 0.999960
0.000010 0.000010 0.000010 0.000010 0.999960
0.360372 0.576863 0.000010 0.000010 0.062746
0.347266 0.583524 0.000010 0.000010 0.069190
0.317435 0.656492 0.000010 0.000010 0.026053
0.271318 0.689944 0.000010 0.000010 0.038719
0.292747 0.645610 0.000010 0.000010 0.061623
0.229619 0.653729 0.000010 0.000010 0.116632
0.318463 0.590858 0.000010 0.000010 0.090659
0.302152 0.602278 0.000010 0.000010 0.095549
0.000010 0.000010 0.999960 0.000010 0.000010
0.000010 0.000010 0.999960 0.000010 0.000010
0.000010 0.000010 0.999960 0.000010 0.000010
0.000010 0.000010 0.999960 0.000010 0.000010
0.000010 0.000010 0.999960 0.000010 0.000010
0.000013 0.000010 0.999956 0.000011 0.000010
0.000010 0.000010 0.999960 0.000010 0.000010
0.000016 0.000010 0.999954 0.000010 0.000010
0.000012 0.000010 0.999958 0.000010 0.000010
0.882668 0.117302 0.000010 0.000010 0.000010
0.830760 0.169210 0.000010 0.000010 0.000010
0.632655 0.367315 0.000010 0.000010 0.000010
0.442539 0.557431 0.000010 0.000010 0.000010
0.644905 0.355065 0.000010 0.000010 0.000010
0.622184 0.377786 0.000010 0.000010 0.000010
0.608704 0.391266 0.000010 0.000010 0.000010
0.683733 0.316237 0.000010 0.000010 0.000010
0.689222 0.310748 0.000010 0.000010 0.000010
0.712783 0.287187 0.000010 0.000010 0.000010
0.638272 0.361698 0.000010 0.000010 0.000010
0.654986 0.344984 0.000010 0.000010 0.000010
0.163117 0.000010 0.000010 0.000010 0.836853
0.231935 0.000010 0.000010 0.000010 0.768035
0.238946 0.000010 0.000010 0.000010 0.761024
0.183216 0.023727 0.000010 0.000010 0.793037
0.234582 0.000010 0.000010 0.000010 0.765388
0.217349 0.000010 0.000010 0.000010 0.782621
0.218548 0.000010 0.000010 0.000010 0.781422
0.226108 0.000010 0.000010 0.000010 0.773862
0.249824 0.051362 0.000010 0.000010 0.698794
0.000010 0.999960 0.000010 0.000010 0.000010
0.000010 0.986172 0.000010 0.000010 0.013798
0.000010 0.999960 0.000010 0.000010 0.000010
0.000010 0.999960 0.000010 0.000010 0.000010
0.000010 0.984010 0.000010 0.000010 0.015960
0.000010 0.999960 0.000010 0.000010 0.000010
0.000010 0.999960 0.000010 0.000010 0.000010
0.000010 0.999960 0.000010 0.000010 0.000010
0.014273 0.985697 0.000010 0.000010 0.000010
0.000010 0.977142 0.000010 0.000010 0.022828
0.043948 0.286070 0.000010 0.000010 0.669962
0.005458 0.239444 0.000015 0.000010 0.755072
0.000010 0.267327 0.000010 0.000010 0.732643
0.041333 0.275514 0.000010 0.000010 0.683132
0.000010 0.269259 0.000010 0.000010 0.730711
0.092706 0.246486 0.000010 0.000010 0.660788
0.000010 0.287012 0.000010 0.000010 0.712958
0.017792 0.265961 0.000010 0.000010 0.716227
0.021861 0.260222 0.000010 0.000010 0.717897
0.064255 0.167823 0.000010 0.000010 0.767902
0.051427 0.249595 0.000010 0.000010 0.698958
0.114425 0.116656 0.000010 0.000010 0.768899
0.074914 0.160103 0.000010 0.000010 0.764963
0.042895 0.148771 0.000010 0.000010 0.808314
0.228020 0.139592 0.000010 0.000010 0.632368
0.083851 0.125683 0.000010 0.000010 0.790446
0.182912 0.134579 0.000010 0.000010 0.682489
0.097058 0.239027 0.000010 0.000010 0.663894
0.000010 0.773468 0.226502 0.000010 0.000010
0.012803 0.705774 0.281403 0.000010 0.000010
0.033551 0.775975 0.190454 0.000010 0.000010
0.000010 0.721132 0.272070 0.000010 0.006778
0.000010 0.595304 0.404666 0.000010 0.000010
0.000010 0.579203 0.420767 0.000010 0.000010
0.000010 0.429576 0.570394 0.000010 0.000010
0.002907 0.500347 0.493993 0.000010 0.002743
0.040486 0.650567 0.296845 0.000010 0.012092
0.055649 0.696628 0.242971 0.000010 0.004742
0.000010 0.879043 0.000010 0.000010 0.120927
0.000010 0.795605 0.000010 0.000010 0.204365
0.000010 0.819716 0.000010 0.000010 0.180254
0.000010 0.848886 0.000010 0.000010 0.151084
0.000010 0.854307 0.000010 0.000010 0.145663
0.000010 0.828446 0.000010 0.000010 0.171524
0.939235 0.000010 0.000010 0.000010 0.060735
0.770379 0.067690 0.000010 0.000010 0.161911
0.965067 0.000010 0.000010 0.000010 0.034903
0.992784 0.000010 0.000010 0.000010 0.007186
0.958108 0.000010 0.000010 0.000010 0.041862
0.922738 0.000010 0.000010 0.000010 0.077232
0.933330 0.000010 0.000010 0.000010 0.066639
0.946687 0.000015 0.000010 0.000010 0.053278
0.986943 0.000010 0.000010 0.000010 0.013027
0.925795 0.000016 0.000010 0.000010 0.074169
0.963758 0.000010 0.000010 0.000010 0.036212
0.766807 0.000010 0.048730 0.025692 0.158761
0.874414 0.000010 0.000010 0.000010 0.125556
0.928204 0.000010 0.000010 0.000010 0.071766
0.964417 0.000010 0.000016 0.000010 0.035547
0.937748 0.000010 0.000010 0.000010 0.062222
0.862604 0.000010 0.000010 0.000010 0.137366
0.909198 0.000010 0.000010 0.000010 0.090772
0.921783 0.000010 0.000010 0.000010 0.078187
0.844604 0.000020 0.000010 0.000010 0.155356
0.006880 0.968535 0.000010 0.000010 0.024565
0.000010 0.999957 0.000010 0.000013 0.000010
0.000010 0.999960 0.000010 0.000010 0.000010
0.020796 0.964224 0.000010 0.000010 0.014960
0.000010 0.979368 0.000010 0.000010 0.020602
0.000010 0.999960 0.000010 0.000010 0.000010
0.000010 0.999960 0.000010 0.000010 0.000010
0.000010 0.999960 0.000010 0.000010 0.000010
0.018198 0.944019 0.000010 0.000010 0.037763
0.037521 0.942636 0.000010 0.000010 0.019823
0.058358 0.937502 0.000010 0.000010 0.004120
0.033686 0.955348 0.000010 0.000010 0.010945
0.042165 0.928679 0.000010 0.000010 0.029136
0.042555 0.923821 0.000010 0.000010 0.033604
0.019720 0.980250 0.000010 0.000010 0.000010
0.047413 0.952557 0.000010 0.000010 0.000010
0.027055 0.966943 0.000010 0.005982 0.000010
0.024758 0.947480 0.000010 0.000010 0.027742
0.024029 0.960051 0.000010 0.000010 0.015900
0.000010 0.999960 0.000010 0.000010 0.000010
0.000010 0.999960 0.000010 0.000010 0.000010
0.000010 0.999960 0.000010 0.000010 0.000010
0.000010 0.994599 0.000010 0.000010 0.005371
0.006546 0.993424 0.000010 0.000010 0.000010
0.000010 0.999960 0.000010 0.000010 0.000010
0.015981 0.983989 0.000010 0.000010 0.000010
0.000010 0.999960 0.000010 0.000010 0.000010
0.000010 0.999960 0.000010 0.000010 0.000010
0.000010 0.999960 0.000010 0.000010 0.000010
0.023279 0.633294 0.343408 0.000010 0.000010
0.019171 0.886849 0.093960 0.000010 0.000010
0.021370 0.883848 0.094762 0.000010 0.000010
0.061634 0.833442 0.104904 0.000010 0.000010
0.003134 0.888941 0.107904 0.000010 0.000010
0.065299 0.914357 0.020323 0.000010 0.000010
0.026618 0.910808 0.062555 0.000010 0.000010
0.013275 0.808757 0.160762 0.000010 0.017196
0.020717 0.932025 0.044008 0.000010 0.003240
0.104234 0.819511 0.000010 0.000010 0.076235
0.046544 0.881476 0.000010 0.000010 0.071961
0.051287 0.878902 0.000010 0.000010 0.069791
0.040792 0.874853 0.000010 0.000010 0.084335
0.035669 0.897077 0.000010 0.000010 0.067233
0.038631 0.867333 0.000010 0.000010 0.094016
0.004406 0.844517 0.000010 0.000010 0.151057
0.037458 0.867386 0.000010 0.000010 0.095136
0.091889 0.838952 0.000010 0.000010 0.069139
0.955494 0.000010 0.000010 0.000010 0.044476
0.960414 0.000010 0.000010 0.000010 0.039556
0.910320 0.000010 0.000010 0.000010 0.089650
0.987477 0.000010 0.000010 0.000010 0.012493
0.948561 0.000010 0.000010 0.000010 0.051409
0.015274 0.855234 0.000010 0.000010 0.129473
0.034368 0.828889 0.000010 0.004533 0.132200
0.007592 0.821175 0.000010 0.000010 0.171214
0.065238 0.794689 0.000010 0.000010 0.140053
0.029568 0.760242 0.000010 0.000010 0.210170
0.013251 0.783254 0.000010 0.000010 0.203475
0.000010 0.828712 0.000010 0.000010 0.171258
0.076920 0.784197 0.000010 0.000010 0.138863
0.028608 0.959608 0.000010 0.000010 0.011763
0.000010 0.983655 0.000010 0.000010 0.016315
0.000010 0.960868 0.000010 0.000010 0.039102
0.038271 0.933673 0.000010 0.000010 0.028036
0.000010 0.999960 0.000010 0.000010 0.000010
0.000010 0.999960 0.000010 0.000010 0.000010
0.000010 0.973083 0.000010 0.000010 0.026887
0.011753 0.957648 0.000010 0.000010 0.030579
0.000010 0.962431 0.000010 0.000010 0.037539
0.038010 0.928802 0.000010 0.000010 0.033168
0.000010 0.000010 0.000010 0.999960 0.000010
0.000010 0.000010 0.000010 0.999960 0.000010
0.000010 0.000010 0.000010 0.999960 0.000010
0.000010 0.000010 0.000010 0.999960 0.000010
0.000010 0.000010 0.000010 0.999960 0.000010
0.000010 0.000010 0.000010 0.999960 0.000010
0.000010 0.000010 0.000019 0.999951 0.000010
0.000010 0.000010 0.000010 0.924164 0.075806
0.000010 0.000010 0.000010 0.999960 0.000010
0.717075 0.282895 0.000010 0.000010 0.000010
0.968270 0.000010 0.000010 0.000010 0.031700
0.964746 0.000010 0.000010 0.000010 0.035224
0.963846 0.000010 0.000017 0.000010 0.036118
0.913565 0.000010 0.000010 0.000010 0.086405
0.999960 0.000010 0.000010 0.000010 0.000010
0.996024 0.000010 0.000010 0.000010 0.003946
0.987017 0.000010 0.000010 0.000010 0.012953
0.980984 0.000010 0.000010 0.000010 0.018986
0.923866 0.000010 0.000010 0.000010 0.076104
0.672848 0.039188 0.000010 0.000010 0.287944
0.000010 0.836592 0.000010 0.000010 0.163378
0.000010 0.829692 0.000010 0.000010 0.170278
0.000010 0.837077 0.000010 0.000010 0.162893
0.000010 0.857088 0.000010 0.000010 0.142882
0.000010 0.856085 0.000010 0.000010 0.143885
0.000010 0.832156 0.000010 0.000010 0.167814
0.000010 0.835754 0.000010 0.000010 0.164216
0.000010 0.858985 0.000010 0.000010 0.140985
0.000010 0.825358 0.000010 0.000010 0.174612
0.000010 0.000010 0.000010 0.999960 0.000010
0.000010 0.000010 0.000010 0.999960 0.000010
0.000014 0.000010 0.000010 0.999956 0.000010
0.000010 0.000010 0.000010 0.999960 0.000010
0.000010 0.000010 0.000010 0.999960 0.000010
0.000010 0.000010 0.000010 0.999960 0.000010
0.000010 0.000010 0.000010 0.999960 0.000010
0.000010 0.000017 0.000010 0.999953 0.000010
0.000010 0.000010 0.000010 0.999960 0.000010
0.000010 0.000010 0.000010 0.999960 0.000010
0.999960 0.000010 0.000010 0.000010 0.000010
0.999960 0.000010 0.000010 0.000010 0.000010
0.948135 0.000010 0.000010 0.000010 0.051835
0.907180 0.000010 0.000010 0.000010 0.092790
0.997059 0.000015 0.000010 0.000010 0.002906
0.893741 0.000010 0.000010 0.000010 0.106229
0.985062 0.000010 0.000010 0.000010 0.014908
0.971966 0.000010 0.000010 0.000010 0.028004
0.980149 0.000010 0.000010 0.000010 0.019821
0.999960 0.000010 0.000010 0.000010 0.000010
