0.092603 0.000010 0.000010 0.000010 0.000010 0.000010 0.000010 0.000010 0.895933 0.011394
0.069959 0.000010 0.000010 0.000010 0.000010 0.000010 0.000010 0.000010 0.929961 0.000010
0.050781 0.000010 0.000010 0.000010 0.000010 0.012638 0.000010 0.000010 0.936511 0.000010
0.063042 0.000010 0.000010 0.000010 0.000010 0.000010 0.000010 0.000010 0.936878 0.000010
0.069387 0.022994 0.000010 0.000010 0.000010 0.000010 0.000010 0.000010 0.907549 0.000010
0.000010 0.000010 0.000010 0.000010 0.000010 0.000010 0.000010 0.000010 0.999910 0.000010
0.156475 0.000010 0.000010 0.000010 0.000010 0.001274 0.000010 0.000010 0.842180 0.000010
0.062692 0.000010 0.000010 0.000010 0.000010 0.199083 0.251495 0.000010 0.486670 0.000010
0.034854 0.000010 0.000010 0.000010 0.000010 0.000010 0.000010 0.000010 0.965066 0.000010
0.100396 0.000010 0.000010 0.000010 0.000010 0.000010 0.000010 0.000010 0.899524 0.000010
0.000010 0.010328 0.000010 0.000010 0.000010 0.989592 0.000010 0.000010 0.000010 0.000010
0.000010 0.000010 0.000010 0.000010 0.000010 0.999910 0.000010 0.000010 0.000010 0.000010
0.000010 0.000010 0.000011 0.000010 0.000010 0.999909 0.000010 0.000010 0.000010 0.000010
0.020274 0.000010 0.000010 0.000010 0.000010 0.919135 0.000010 0.000010 0.060522 0.000010
0.000010 0.000010 0.000010 0.000010 0.044018 0.955902 0.000010 0.000010 0.000010 0.000010
0.020244 0.000787 0.000010 0.000010 0.000010 0.978899 0.000010 0.000010 0.000010 0.000010
0.000010 0.037503 0.000010 0.000010 0.000010 0.962417 0.000010 0.000010 0.000010 0.000010
0.000010 0.000010 0.000010 0.000010 0.000010 0.999910 0.000010 0.000010 0.000010 0.000010
0.000010 0.000010 0.000010 0.000010 0.000010 0.973380 0.000010 0.000010 0.026540 0.000010
0.016905 0.015012 0.000010 0.000010 0.000010 0.668889 0.194965 0.000010 0.104179 0.000010
0.000010 0.000010 0.000010 0.000010 0.000010 0.891946 0.000010 0.000010 0.107974 0.000010
0.000010 0.000010 0.000010 0.000010 0.000010 0.999910 0.000010 0.000010 0.000010 0.000010
0.000010 0.056016 0.000010 0.000010 0.000010 0.943904 0.000010 0.000010 0.000010 0.000010
0.000010 0.000010 0.000010 0.000010 0.000010 0.999910 0.000010 0.000010 0.000010 0.000010
0.000010 0.000010 0.000010 0.000010 0.000010 0.999910 0.000010 0.000010 0.000010 0.000010
0.000010 0.000010 0.000010 0.000010 0.000010 0.999910 0.000010 0.000010 0.000010 0.000010
0.000010 0.000010 0.000010 0.000010 0.000010 0.999910 0.000010 0.000010 0.000010 0.000010
0.000010 0.000010 0.000010 0.000010 0.000010 0.999910 0.000010 0.000010 0.000010 0.000010
0.000010 0.000010 0.000010 0.000010 0.000010 0.999910 0.000010 0.000010 0.000010 0.000010
0.000010 0.000010 0.000010 0.000010 0.000010 0.999910 0.000010 0.000010 0.000010 0.000010
0.012945 0.000010 0.000010 0.000010 0.751743 0.010683 0.000010 0.087092 0.000010 0.137487
0.025741 0.000010 0.000010 0.000010 0.881127 0.000010 0.000010 0.000010 0.000010 0.093062
0.043196 0.012751 0.000010 0.000010 0.802319 0.042247 0.000010 0.000010 0.000010 0.099436
0.027089 0.040595 0.000010 0.000010 0.790279 0.000010 0.000010 0.043129 0.000010 0.098858
0.006362 0.000010 0.000010 0.000010 0.825929 0.053521 0.011727 0.000010 0.000010 0.102411
0.000010 0.013744 0.012924 0.000010 0.804953 0.026113 0.000010 0.000010 0.000010 0.142216
0.000010 0.000841 0.012718 0.000010 0.792639 0.000010 0.000010 0.114908 0.000010 0.078845
0.053239 0.004393 0.000010 0.000010 0.824922 0.000010 0.000010 0.000010 0.000010 0.117387
0.012648 0.001827 0.000010 0.000010 0.842282 0.000010 0.000010 0.000010 0.000010 0.143182
0.000010 0.014597 0.000010 0.000010 0.878385 0.006340 0.000010 0.000010 0.000010 0.100617
0.000010 0.000010 0.999910 0.000010 0.000010 0.000010 0.000010 0.000010 0.000010 0.000010
0.000010 0.000010 0.999910 0.000010 0.000010 0.000010 0.000010 0.000010 0.000010 0.000010
0.000010 0.000010 0.999910 0.000010 0.000010 0.000010 0.000010 0.000010 0.000010 0.000010
0.000010 0.000010 0.999910 0.000010 0.000010 0.000010 0.000010 0.000010 0.000010 0.000010
0.000010 0.000010 0.999910 0.000010 0.000010 0.000010 0.000010 0.000010 0.000010 0.000010
0.000010 0.000010 0.999910 0.000010 0.000010 0.000010 0.000010 0.000010 0.000010 0.000010
0.000010 0.000010 0.999910 0.000010 0.000010 0.000010 0.000010 0.000010 0.000010 0.000010
0.000010 0.000010 0.999910 0.000010 0.000010 0.000010 0.000010 0.000010 0.000010 0.000010
0.000010 0.000010 0.999910 0.000010 0.000010 0.000010 0.000010 0.000010 0.000010 0.000010
0.000010 0.000010 0.000010 0.000010 0.999910 0.000010 0.000010 0.000010 0.000010 0.000010
0.236662 0.012415 0.053867 0.000010 0.521910 0.000010 0.000010 0.020891 0.078964 0.075261
0.048863 0.000010 0.011576 0.000010 0.700768 0.238733 0.000010 0.000010 0.000010 0.000010
0.000010 0.000010 0.000010 0.000010 0.999910 0.000010 0.000010 0.000010 0.000010 0.000010
0.010648 0.021290 0.000010 0.000010 0.764126 0.000010 0.000010 0.057271 0.000010 0.146615
0.148510 0.007801 0.033428 0.000010 0.592886 0.030494 0.000010 0.037643 0.010294 0.138924
0.006222 0.000010 0.035133 0.000010 0.753637 0.000010 0.001471 0.051144 0.020228 0.132134
0.025735 0.016810 0.000010 0.000010 0.742673 0.072022 0.000010 0.000010 0.000010 0.142710
0.027588 0.000010 0.017670 0.000010 0.690859 0.007172 0.000010 0.068817 0.000010 0.187855
0.000010 0.000010 0.000010 0.000010 0.999910 0.000010 0.000010 0.000010 0.000010 0.000010
0.112956 0.000010 0.233935 0.000010 0.000010 0.583836 0.000010 0.000010 0.069212 0.000010
0.000010 0.015207 0.197641 0.000010 0.000010 0.718801 0.000010 0.000010 0.068118 0.000183
0.000010 0.069430 0.260284 0.000010 0.000010 0.662041 0.000010 0.000010 0.008186 0.000010
0.075269 0.041239 0.154822 0.000010 0.000010 0.630500 0.000010 0.000010 0.066556 0.031575
0.119360 0.002366 0.169175 0.000010 0.038167 0.569232 0.000010 0.000010 0.089980 0.011691
0.111623 0.023799 0.254599 0.000010 0.000010 0.586272 0.000010 0.000010 0.000010 0.023657
0.139473 0.000010 0.180909 0.000010 0.000010 0.649029 0.000010 0.000010 0.030529 0.000010
0.098163 0.028126 0.160710 0.000010 0.007071 0.686585 0.000010 0.000010 0.000010 0.019304
0.076957 0.030947 0.200737 0.000010 0.000010 0.657542 0.000010 0.000010 0.033767 0.000010
0.106788 0.000010 0.226510 0.000010 0.000010 0.594921 0.000010 0.000010 0.069746 0.001985
0.000010 0.000010 0.117574 0.000010 0.161195 0.000010 0.000010 0.000010 0.646400 0.074771
0.000010 0.000010 0.131016 0.000010 0.123904 0.000010 0.000010 0.000010 0.732238 0.012782
0.000010 0.000010 0.154446 0.000010 0.107996 0.000010 0.000010 0.000010 0.646484 0.091015
0.000010 0.000010 0.105282 0.000010 0.202862 0.000010 0.000010 0.000010 0.623483 0.068313
0.000010 0.000010 0.132928 0.000010 0.027626 0.000010 0.000010 0.000010 0.753592 0.085794
0.007754 0.000010 0.134325 0.000010 0.199590 0.000010 0.000010 0.000010 0.656372 0.001908
0.000010 0.000010 0.091460 0.000010 0.083979 0.000010 0.000010 0.000010 0.757101 0.067399
0.000010 0.000010 0.157600 0.000010 0.195960 0.000010 0.000010 0.000010 0.598603 0.047776
0.000010 0.000010 0.174470 0.000010 0.212117 0.000010 0.000010 0.000010 0.590113 0.023240
0.000010 0.000010 0.084917 0.000010 0.143321 0.000010 0.000010 0.000010 0.695886 0.075816
0.000010 0.000010 0.000010 0.000010 0.000010 0.000010 0.000010 0.986715 0.013205 0.000010
0.000010 0.001028 0.060686 0.000010 0.000010 0.000010 0.000010 0.938215 0.000010 0.000010
0.000010 0.000010 0.000010 0.000010 0.000010 0.000010 0.000010 0.999910 0.000010 0.000010
0.000010 0.000010 0.049011 0.000010 0.000010 0.000010 0.000010 0.950909 0.000010 0.000010
0.000010 0.000010 0.000010 0.000010 0.000010 0.000010 0.000010 0.999910 0.000010 0.000010
0.000010 0.000010 0.033920 0.000010 0.080388 0.000010 0.000010 0.826104 0.000010 0.059527
0.000010 0.005157 0.047943 0.000010 0.000010 0.000010 0.000010 0.944735 0.002105 0.000010
0.000010 0.027035 0.000010 0.000010 0.000010 0.000010 0.000010 0.950983 0.000010 0.021912
0.000010 0.000010 0.019031 0.000010 0.000010 0.000010 0.000010 0.980889 0.000010 0.000010
0.000010 0.011388 0.000010 0.000010 0.000010 0.000010 0.000010 0.988532 0.000010 0.000010
0.000010 0.862024 0.000010 0.000010 0.000010 0.000010 0.000010 0.000010 0.137896 0.000010
0.000010 0.999908 0.000010 0.000012 0.000010 0.000010 0.000010 0.000010 0.000010 0.000010
0.000010 0.999909 0.000010 0.000010 0.000011 0.000010 0.000010 0.000010 0.000010 0.000010
0.099078 0.900842 0.000010 0.000010 0.000010 0.000010 0.000010 0.000010 0.000010 0.000010
0.000010 0.999910 0.000010 0.000010 0.000010 0.000010 0.000010 0.000010 0.000010 0.000010
0.000010 0.999910 0.000010 0.000010 0.000010 0.000010 0.000010 0.000010 0.000010 0.000010
0.000010 0.999907 0.000010 0.000010 0.000010 0.000010 0.000010 0.000013 0.000010 0.000010
0.000010 0.999910 0.000010 0.000010 0.000010 0.000010 0.000010 0.000010 0.000010 0.000010
0.000010 0.999907 0.000010 0.000013 0.000010 0.000010 0.000010 0.000010 0.000010 0.000010
0.000010 0.999908 0.000010 0.000010 0.000010 0.000010 0.000010 0.000012 0.000010 0.000010
0.062553 0.138500 0.000010 0.000010 0.000010 0.000010 0.000010 0.000010 0.798877 0.000010
0.000010 0.098384 0.000010 0.000010 0.000010 0.000010 0.000010 0.000010 0.901536 0.000010
0.012229 0.101814 0.000010 0.000010 0.000010 0.000010 0.267736 0.000010 0.618160 0.000010
0.000010 0.093116 0.000010 0.000010 0.000010 0.000010 0.000010 0.000010 0.906804 0.000010
0.051184 0.091880 0.000010 0.000010 0.000010 0.000010 0.000010 0.000010 0.856866 0.000010
0.000010 0.098217 0.000010 0.000010 0.000010 0.000010 0.000010 0.000010 0.901703 0.000010
0.000010 0.087207 0.000010 0.000010 0.000010 0.000010 0.000010 0.000010 0.912713 0.000010
0.049813 0.165687 0.000010 0.000010 0.000010 0.000010 0.000010 0.000010 0.784430 0.000010
0.000010 0.103328 0.000010 0.000010 0.000010 0.000010 0.000010 0.000010 0.896592 0.000010
0.000010 0.108642 0.000010 0.000010 0.000010 0.000010 0.000010 0.000010 0.891278 0.000010
0.017620 0.000010 0.437796 0.000010 0.090441 0.369827 0.000010 0.000010 0.016002 0.068274
0.000010 0.000010 0.526428 0.000010 0.064992 0.408097 0.000010 0.000423 0.000010 0.000010
0.035403 0.000010 0.471114 0.000010 0.167145 0.317581 0.000010 0.000010 0.000010 0.008707
0.000010 0.000010 0.460953 0.000010 0.171736 0.351147 0.000020 0.016094 0.000010 0.000010
0.000010 0.001286 0.607808 0.000010 0.046380 0.344466 0.000010 0.000010 0.000010 0.000010
0.000010 0.009539 0.687254 0.000010 0.000010 0.298167 0.000010 0.000010 0.004980 0.000010
0.000010 0.000010 0.603984 0.000010 0.000010 0.395936 0.000010 0.000010 0.000010 0.000010
0.000010 0.022438 0.605780 0.000010 0.000010 0.371712 0.000010 0.000010 0.000010 0.000010
0.000010 0.000010 0.000010 0.999910 0.000010 0.000010 0.000010 0.000010 0.000010 0.000010
0.000010 0.000010 0.000010 0.999910 0.000010 0.000010 0.000010 0.000010 0.000010 0.000010
0.000010 0.000010 0.000010 0.999907 0.000010 0.000010 0.000010 0.000013 0.000010 0.000010
0.000010 0.000010 0.000014 0.999905 0.000010 0.000012 0.000010 0.000010 0.000010 0.000010
0.000010 0.000010 0.000010 0.999910 0.000010 0.000010 0.000010 0.000010 0.000010 0.000010
0.000010 0.000010 0.000010 0.999905 0.000010 0.000010 0.000010 0.000010 0.000015 0.000010
0.000010 0.000010 0.000010 0.999910 0.000010 0.000010 0.000010 0.000010 0.000010 0.000010
0.000010 0.000010 0.000010 0.999910 0.000010 0.000010 0.000010 0.000010 0.000010 0.000010
0.000010 0.000017 0.000010 0.999894 0.000010 0.000018 0.000010 0.000010 0.000011 0.000010
0.078853 0.000010 0.003025 0.000010 0.000010 0.918051 0.000010 0.000010 0.000010 0.000010
0.108630 0.000010 0.000010 0.000010 0.000010 0.882108 0.000010 0.000010 0.009192 0.000010
0.149950 0.000010 0.285033 0.000010 0.027804 0.537153 0.000010 0.000010 0.000010 0.000010
0.022441 0.000010 0.095625 0.000010 0.392708 0.489166 0.000010 0.000010 0.000010 0.000010
0.065275 0.000010 0.241447 0.000010 0.000010 0.693208 0.000010 0.000010 0.000010 0.000010
0.054364 0.000010 0.301060 0.000010 0.000010 0.632579 0.000010 0.000010 0.000010 0.011937
0.031638 0.000010 0.280415 0.000010 0.000010 0.673150 0.000010 0.000010 0.014737 0.000010
0.113204 0.000010 0.234885 0.000010 0.000010 0.651841 0.000010 0.000010 0.000010 0.000010
0.106482 0.000010 0.188848 0.000010 0.000010 0.704600 0.000010 0.000010 0.000010 0.000010
0.127710 0.000010 0.239795 0.000010 0.000010 0.632424 0.000010 0.000010 0.000010 0.000010
0.021938 0.010908 0.257059 0.000010 0.000010 0.710035 0.000010 0.000010 0.000010 0.000010
0.045919 0.000010 0.229552 0.000010 0.000010 0.724459 0.000010 0.000010 0.000010 0.000010
0.119634 0.124960 0.000010 0.000010 0.000010 0.000010 0.000010 0.000010 0.755337 0.000010
0.179389 0.050757 0.000010 0.000010 0.000010 0.000010 0.000010 0.000010 0.769784 0.000010
0.180854 0.119808 0.000010 0.000010 0.000010 0.000010 0.000010 0.000010 0.699267 0.000010
0.131268 0.044666 0.016474 0.000010 0.000010 0.000010 0.000010 0.000010 0.807531 0.000010
0.175100 0.050520 0.000010 0.000010 0.000010 0.000010 0.000010 0.000010 0.774310 0.000010
0.176999 0.083656 0.000010 0.000010 0.000010 0.000010 0.000010 0.000010 0.739275 0.000010
0.130863 0.069927 0.000010 0.000010 0.000010 0.000010 0.000010 0.000010 0.799140 0.000010
0.159898 0.073041 0.000010 0.000010 0.000010 0.000010 0.000010 0.000010 0.766990 0.000010
0.201770 0.047125 0.014330 0.000010 0.000010 0.000010 0.000010 0.000010 0.736714 0.000010
0.000010 0.000010 0.046146 0.000010 0.953774 0.000010 0.000010 0.000010 0.000010 0.000010
0.000010 0.027092 0.009869 0.000010 0.939177 0.000010 0.000010 0.000010 0.000010 0.023801
0.000010 0.000010 0.009089 0.000010 0.990831 0.000010 0.000010 0.000010 0.000010 0.000010
0.000010 0.003419 0.000010 0.000010 0.996501 0.000010 0.000010 0.000010 0.000010 0.000010
0.000010 0.000010 0.012430 0.000010 0.919882 0.000010 0.000010 0.000010 0.032972 0.034656
0.000010 0.000010 0.000010 0.000010 0.999910 0.000010 0.000010 0.000010 0.000010 0.000010
0.000010 0.030542 0.013319 0.000010 0.931388 0.000010 0.000010 0.024692 0.000010 0.000010
0.000010 0.000010 0.000010 0.000010 0.999910 0.000010 0.000010 0.000010 0.000010 0.000010
0.000010 0.000010 0.000010 0.000010 0.927953 0.026734 0.000016 0.004543 0.000010 0.040704
0.003530 0.016350 0.000010 0.000010 0.919202 0.000010 0.000010 0.000010 0.013647 0.047220
0.026013 0.000010 0.118658 0.000010 0.052031 0.000010 0.000010 0.000010 0.763742 0.039507
0.000010 0.036567 0.063147 0.000010 0.037663 0.000010 0.000010 0.000010 0.837549 0.025024
0.000010 0.009911 0.090664 0.000010 0.000010 0.000010 0.000010 0.000010 0.834023 0.065342
0.000010 0.023806 0.082364 0.000010 0.035737 0.000010 0.000010 0.000010 0.763869 0.094174
0.000010 0.037809 0.091240 0.000010 0.033287 0.000010 0.000010 0.000010 0.775636 0.061978
0.077276 0.000018 0.065281 0.000010 0.074360 0.000010 0.000010 0.000010 0.766353 0.016671
0.000010 0.004745 0.126672 0.000010 0.000010 0.000010 0.000010 0.000010 0.794773 0.073750
0.000010 0.000010 0.107660 0.000010 0.020806 0.004299 0.000010 0.000010 0.827856 0.039330
0.000010 0.015816 0.081704 0.000010 0.000010 0.000010 0.000010 0.000010 0.802102 0.100318
0.000010 0.071808 0.121104 0.000010 0.000010 0.000010 0.000010 0.000010 0.807018 0.000010
0.000010 0.025617 0.128025 0.000010 0.000010 0.022542 0.000010 0.028021 0.766516 0.029239
0.066461 0.000010 0.047629 0.000010 0.000010 0.000010 0.000010 0.000010 0.868763 0.017087
0.049702 0.074143 0.020334 0.000010 0.000010 0.000010 0.000010 0.000010 0.786070 0.069701
0.000010 0.004652 0.057862 0.000010 0.000010 0.000010 0.000010 0.000010 0.937416 0.000010
0.181693 0.000010 0.038640 0.000010 0.000010 0.010465 0.000010 0.000010 0.739497 0.029656
0.022623 0.049420 0.050286 0.000010 0.000010 0.000010 0.000010 0.000010 0.877611 0.000010
0.052469 0.029059 0.041025 0.000010 0.000010 0.079131 0.000010 0.000010 0.798266 0.000010
0.000010 0.000010 0.118859 0.000010 0.000010 0.055362 0.000010 0.000010 0.767744 0.057974
0.000010 0.000010 0.000010 0.206630 0.000010 0.000010 0.000010 0.793290 0.000010 0.000010
0.000010 0.000010 0.000010 0.266748 0.000010 0.000010 0.000010 0.733172 0.000010 0.000010
0.000010 0.000010 0.000010 0.169235 0.000010 0.000010 0.000010 0.830685 0.000010 0.000010
0.000010 0.000010 0.000010 0.251616 0.000010 0.000010 0.000010 0.748304 0.000010 0.000010
0.000010 0.000010 0.000010 0.386660 0.000010 0.000010 0.000010 0.613260 0.000010 0.000010
0.000010 0.000010 0.000010 0.402469 0.000010 0.000010 0.000010 0.597451 0.000010 0.000010
0.000010 0.000010 0.000010 0.556264 0.000010 0.000010 0.000010 0.443656 0.000010 0.000010
0.000010 0.000010 0.000010 0.479927 0.000010 0.000010 0.000010 0.519993 0.000010 0.000010
0.000010 0.000010 0.000010 0.278828 0.000010 0.000010 0.000010 0.721092 0.000010 0.000010
0.000010 0.000010 0.000010 0.220710 0.000010 0.000010 0.000010 0.779210 0.000010 0.000010
0.000010 0.000010 0.331386 0.000010 0.414389 0.000010 0.000010 0.048635 0.035704 0.169835
0.000010 0.000010 0.310839 0.000010 0.279528 0.000010 0.000010 0.054048 0.151471 0.204064
0.000010 0.000010 0.232183 0.000010 0.337947 0.000010 0.000010 0.061397 0.143743 0.224680
0.000010 0.005126 0.279019 0.000010 0.377014 0.013256 0.000010 0.026248 0.076304 0.223003
0.000010 0.014883 0.311329 0.000010 0.361284 0.000010 0.000010 0.037090 0.051635 0.223739
0.000010 0.003851 0.312254 0.000010 0.366021 0.004954 0.000010 0.056598 0.075764 0.180528
0.999910 0.000010 0.000010 0.000010 0.000010 0.000010 0.000010 0.000010 0.000010 0.000010
0.831342 0.003051 0.000010 0.000010 0.071603 0.000010 0.000010 0.011224 0.082730 0.000010
0.999910 0.000010 0.000010 0.000010 0.000010 0.000010 0.000010 0.000010 0.000010 0.000010
0.999910 0.000010 0.000010 0.000010 0.000010 0.000010 0.000010 0.000010 0.000010 0.000010
0.999910 0.000010 0.000010 0.000010 0.000010 0.000010 0.000010 0.000010 0.000010 0.000010
0.977207 0.022713 0.000010 0.000010 0.000010 0.000010 0.000010 0.000010 0.000010 0.000010
0.999910 0.000010 0.000010 0.000010 0.000010 0.000010 0.000010 0.000010 0.000010 0.000010
0.999910 0.000010 0.000010 0.000010 0.000010 0.000010 0.000010 0.000010 0.000010 0.000010
0.999910 0.000010 0.000010 0.000010 0.000010 0.000010 0.000010 0.000010 0.000010 0.000010
0.998026 0.001894 0.000010 0.000010 0.000010 0.000010 0.000010 0.000010 0.000010 0.000010
0.999910 0.000010 0.000010 0.000010 0.000010 0.000010 0.000010 0.000010 0.000010 0.000010
0.817423 0.000010 0.000010 0.049792 0.000010 0.000010 0.019213 0.000010 0.095246 0.018277
0.982743 0.017177 0.000010 0.000010 0.000010 0.000010 0.000010 0.000010 0.000010 0.000010
0.973160 0.026758 0.000010 0.000010 0.000012 0.000010 0.000010 0.000010 0.000010 0.000010
0.909514 0.000010 0.000010 0.000010 0.000010 0.090406 0.000010 0.000010 0.000010 0.000010
0.999910 0.000010 0.000010 0.000010 0.000010 0.000010 0.000010 0.000010 0.000010 0.000010
0.897945 0.000010 0.003092 0.000010 0.000010 0.005873 0.000010 0.000010 0.093030 0.000010
0.989938 0.009982 0.000010 0.000010 0.000010 0.000010 0.000010 0.000010 0.000010 0.000010
0.998471 0.001449 0.000010 0.000010 0.000010 0.000010 0.000010 0.000010 0.000010 0.000010
0.982578 0.017342 0.000010 0.000010 0.000010 0.000010 0.000010 0.000010 0.000010 0.000010
0.040815 0.003763 0.000010 0.000010 0.955351 0.000010 0.000010 0.000010 0.000010 0.000010
0.000010 0.018992 0.000010 0.000010 0.980928 0.000010 0.000010 0.000010 0.000010 0.000010
0.000010 0.000010 0.000010 0.000010 0.999910 0.000010 0.000010 0.000010 0.000010 0.000010
0.000010 0.009590 0.000010 0.000010 0.951583 0.029039 0.000010 0.004298 0.005369 0.000080
0.012511 0.011242 0.000010 0.000010 0.931598 0.000010 0.000010 0.000010 0.000010 0.044589
0.000010 0.000010 0.005518 0.000010 0.931323 0.000010 0.000010 0.014506 0.000010 0.048594
0.002028 0.000010 0.000010 0.000010 0.930412 0.000010 0.000010 0.043647 0.000010 0.023853
0.000010 0.000010 0.000010 0.000010 0.999910 0.000010 0.000010 0.000010 0.000010 0.000010
0.000010 0.000010 0.000010 0.000010 0.936124 0.006802 0.000010 0.000010 0.057003 0.000010
0.000010 0.000010 0.000010 0.000010 0.627731 0.038523 0.000010 0.233082 0.032172 0.068442
0.027082 0.001803 0.030177 0.000010 0.617030 0.030522 0.000010 0.180844 0.000010 0.112513
0.000010 0.000010 0.025066 0.000010 0.608080 0.047658 0.000010 0.162321 0.008016 0.148820
0.004276 0.010539 0.023092 0.000010 0.638112 0.052532 0.000010 0.095692 0.002131 0.173606
0.025392 0.014536 0.037699 0.000010 0.581452 0.022933 0.000010 0.198405 0.000010 0.119553
0.000010 0.006381 0.000010 0.000010 0.606146 0.028687 0.000010 0.249985 0.000010 0.108751
0.000010 0.000010 0.016290 0.000010 0.625814 0.054424 0.000010 0.194173 0.012037 0.097222
0.000010 0.000010 0.000010 0.000010 0.644669 0.045279 0.000019 0.199591 0.000010 0.110391
0.000010 0.000010 0.025446 0.000010 0.546038 0.038444 0.000010 0.255585 0.013197 0.121250
0.000010 0.020162 0.000010 0.000010 0.671111 0.046143 0.000010 0.185553 0.000010 0.076981
0.000010 0.011430 0.027342 0.000010 0.961158 0.000010 0.000010 0.000010 0.000010 0.000010
0.000010 0.000010 0.000010 0.000010 0.999910 0.000010 0.000010 0.000010 0.000010 0.000010
0.000010 0.006745 0.007193 0.000010 0.985992 0.000010 0.000010 0.000010 0.000010 0.000010
0.000010 0.000010 0.000010 0.000010 0.984356 0.000010 0.000010 0.000010 0.015564 0.000010
0.000010 0.003139 0.074618 0.000010 0.922173 0.000010 0.000010 0.000010 0.000010 0.000010
0.000010 0.000010 0.000010 0.000010 0.939837 0.024615 0.000010 0.035478 0.000010 0.000010
0.000010 0.007772 0.015482 0.000010 0.958287 0.015782 0.000010 0.000010 0.000010 0.002627
0.000010 0.000010 0.007083 0.000010 0.992837 0.000010 0.000010 0.000010 0.000010 0.000010
0.000010 0.000010 0.000010 0.000010 0.999910 0.000010 0.000010 0.000010 0.000010 0.000010
0.000010 0.020662 0.010839 0.000010 0.928415 0.006996 0.000010 0.000010 0.000010 0.033038
0.000010 0.000010 0.000010 0.322322 0.000010 0.000010 0.000010 0.677598 0.000010 0.000010
0.000010 0.000010 0.000010 0.064118 0.000010 0.000010 0.000010 0.935802 0.000010 0.000010
0.000010 0.000010 0.000010 0.064599 0.000010 0.000010 0.000010 0.935321 0.000010 0.000010
0.000010 0.000010 0.000010 0.084648 0.000010 0.000010 0.000010 0.915272 0.000010 0.000010
0.000010 0.000010 0.000010 0.089667 0.000010 0.000010 0.000010 0.910253 0.000010 0.000010
0.000010 0.000010 0.000010 0.000010 0.000010 0.027727 0.000010 0.937098 0.000010 0.035105
0.000010 0.000010 0.000010 0.040319 0.000010 0.000010 0.000010 0.959601 0.000010 0.000010
0.000010 0.000010 0.000010 0.142385 0.000010 0.000010 0.000010 0.857535 0.000010 0.000010
0.000010 0.000010 0.000010 0.024567 0.000010 0.000010 0.000010 0.975353 0.000010 0.000010
0.000010 0.000010 0.000010 0.000010 0.000010 0.000010 0.000010 0.000010 0.000010 0.999910
0.000010 0.000010 0.000010 0.000010 0.000010 0.000010 0.000010 0.000010 0.000010 0.999910
0.030904 0.000010 0.001490 0.000010 0.119864 0.000010 0.000010 0.000010 0.000010 0.847682
0.000010 0.000010 0.000010 0.000010 0.000010 0.000010 0.000010 0.000010 0.000010 0.999910
0.000010 0.000010 0.000010 0.000010 0.000010 0.000010 0.000010 0.000010 0.000010 0.999910
0.000010 0.000010 0.017208 0.000010 0.090918 0.019714 0.000010 0.005034 0.021825 0.845260
0.000010 0.014776 0.000010 0.000010 0.000010 0.000010 0.000010 0.000010 0.000010 0.985144
0.000010 0.000010 0.009544 0.000010 0.116226 0.031873 0.000010 0.028883 0.042855 0.770579
0.000010 0.000010 0.000010 0.000010 0.000010 0.000010 0.000010 0.000010 0.000010 0.999910
0.934348 0.000010 0.000010 0.000010 0.000010 0.065572 0.000010 0.000010 0.000010 0.000010
0.967859 0.000010 0.000010 0.000010 0.000010 0.032061 0.000010 0.000010 0.000010 0.000010
0.942108 0.022313 0.000010 0.000010 0.000010 0.035509 0.000010 0.000010 0.000010 0.000010
0.921491 0.000010 0.000010 0.000010 0.000010 0.078429 0.000010 0.000010 0.000010 0.000010
0.969454 0.000010 0.000010 0.000010 0.000010 0.030466 0.000010 0.000010 0.000010 0.000010
0.000010 0.000010 0.252584 0.000010 0.343559 0.020403 0.000010 0.091505 0.073700 0.218208
0.000010 0.000010 0.258694 0.000010 0.391292 0.030064 0.000010 0.111310 0.078692 0.129908
0.000010 0.008449 0.288018 0.000010 0.301175 0.004156 0.000010 0.090557 0.066937 0.240677
0.088679 0.005794 0.322537 0.000010 0.330640 0.000010 0.000010 0.105409 0.019846 0.127065
0.000010 0.000010 0.248333 0.000010 0.298588 0.046612 0.000010 0.034147 0.106058 0.266222
0.001470 0.004134 0.238385 0.000010 0.290797 0.020531 0.000010 0.052694 0.123032 0.268936
0.000010 0.010494 0.261680 0.000010 0.321876 0.005572 0.000010 0.156271 0.085225 0.158853
0.000010 0.034826 0.338694 0.000010 0.346763 0.095054 0.000010 0.000010 0.007821 0.176801
0.022031 0.019349 0.000011 0.000010 0.891463 0.026893 0.000010 0.000010 0.000010 0.040212
0.000010 0.025145 0.000011 0.000010 0.897954 0.000010 0.000010 0.000010 0.007424 0.069417
0.000010 0.000010 0.012139 0.000010 0.881548 0.000010 0.000010 0.004612 0.047520 0.054132
0.000010 0.000010 0.000010 0.000010 0.915823 0.004084 0.000010 0.000010 0.080023 0.000010
0.000010 0.017167 0.000010 0.000010 0.982753 0.000010 0.000010 0.000010 0.000010 0.000010
0.000010 0.018207 0.000010 0.000010 0.981713 0.000010 0.000010 0.000010 0.000010 0.000010
0.000010 0.000010 0.000010 0.000010 0.868113 0.000010 0.000010 0.039032 0.030747 0.062049
0.009527 0.000010 0.000010 0.000010 0.808594 0.000010 0.000010 0.000010 0.034672 0.147147
0.000010 0.003036 0.010811 0.000010 0.887492 0.000010 0.000010 0.000010 0.037466 0.061145
0.021285 0.023548 0.000010 0.000010 0.858616 0.023765 0.000010 0.000010 0.009587 0.063159
0.000010 0.000010 0.000010 0.000010 0.000010 0.000010 0.999910 0.000010 0.000010 0.000010
0.000010 0.000010 0.000010 0.000010 0.000010 0.000010 0.999910 0.000010 0.000010 0.000010
0.000010 0.000010 0.000010 0.000010 0.000010 0.000010 0.999910 0.000010 0.000010 0.000010
0.000010 0.000010 0.000010 0.000010 0.000010 0.000010 0.999910 0.000010 0.000010 0.000010
0.000010 0.000010 0.000010 0.000010 0.000010 0.000010 0.999910 0.000010 0.000010 0.000010
0.000010 0.000010 0.000010 0.000010 0.000010 0.000010 0.999910 0.000010 0.000010 0.000010
0.000010 0.000010 0.000010 0.000010 0.000010 0.000010 0.999910 0.000010 0.000010 0.000010
0.000010 0.006509 0.000010 0.000010 0.000010 0.000010 0.922749 0.000010 0.070671 0.000010
0.000010 0.000010 0.000010 0.000010 0.000010 0.000010 0.999910 0.000010 0.000010 0.000010
0.160063 0.000010 0.116803 0.000010 0.025132 0.655914 0.000010 0.000010 0.000010 0.042038
0.999910 0.000010 0.000010 0.000010 0.000010 0.000010 0.000010 0.000010 0.000010 0.000010
0.999910 0.000010 0.000010 0.000010 0.000010 0.000010 0.000010 0.000010 0.000010 0.000010
0.999910 0.000010 0.000010 0.000010 0.000010 0.000010 0.000010 0.000010 0.000010 0.000010
0.999910 0.000010 0.000010 0.000010 0.000010 0.000010 0.000010 0.000010 0.000010 0.000010
0.999910 0.000010 0.000010 0.000010 0.000010 0.000010 0.000010 0.000010 0.000010 0.000010
0.999902 0.000010 0.000010 0.000010 0.000010 0.000010 0.000010 0.000010 0.000018 0.000010
0.999910 0.000010 0.000010 0.000010 0.000010 0.000010 0.000010 0.000010 0.000010 0.000010
0.999910 0.000010 0.000010 0.000010 0.000010 0.000010 0.000010 0.000010 0.000010 0.000010
0.975015 0.024905 0.000010 0.000010 0.000010 0.000010 0.000010 0.000010 0.000010 0.000010
0.669141 0.000010 0.000010 0.000010 0.000010 0.018289 0.000010 0.000010 0.291730 0.020780
0.000010 0.000010 0.000010 0.000010 0.000010 0.000010 0.000010 0.000010 0.000010 0.999910
0.000010 0.000010 0.000010 0.000010 0.000010 0.000010 0.000010 0.000010 0.000010 0.999910
0.000010 0.000010 0.000010 0.000010 0.000010 0.000010 0.000010 0.000010 0.000010 0.999910
0.000010 0.000010 0.000010 0.000010 0.000010 0.000010 0.000010 0.000010 0.000010 0.999910
0.000010 0.000010 0.024706 0.000010 0.000010 0.000010 0.000010 0.000010 0.000010 0.975214
0.000010 0.000010 0.000010 0.000010 0.000010 0.000010 0.000010 0.000010 0.000010 0.999910
0.000010 0.000010 0.089146 0.000010 0.000010 0.000010 0.000010 0.000010 0.030801 0.879983
0.000010 0.018577 0.089816 0.000010 0.133524 0.000010 0.000010 0.000010 0.000010 0.758023
0.000010 0.000010 0.000010 0.000010 0.000010 0.000010 0.000010 0.000010 0.000010 0.999910
0.000010 0.000010 0.000010 0.000010 0.000010 0.000010 0.999910 0.000010 0.000010 0.000010
0.000010 0.000010 0.000010 0.000010 0.000010 0.000010 0.999910 0.000010 0.000010 0.000010
0.000010 0.000010 0.000010 0.000010 0.000010 0.000010 0.999910 0.000010 0.000010 0.000010
0.000010 0.000010 0.000010 0.000010 0.000010 0.000010 0.999910 0.000010 0.000010 0.000010
0.000015 0.000010 0.000010 0.000010 0.000010 0.000010 0.999905 0.000010 0.000010 0.000010
0.000010 0.000010 0.000010 0.000010 0.000010 0.000010 0.999910 0.000010 0.000010 0.000010
0.000010 0.000010 0.000010 0.000010 0.000010 0.000010 0.999910 0.000010 0.000010 0.000010
0.000010 0.000010 0.000010 0.000010 0.000010 0.000010 0.999910 0.000010 0.000010 0.000010
0.000010 0.000010 0.000010 0.000010 0.000010 0.000010 0.999910 0.000010 0.000010 0.000010
0.000010 0.000010 0.000010 0.000010 0.000010 0.000010 0.999910 0.000010 0.000010 0.000010
0.999910 0.000010 0.000010 0.000010 0.000010 0.000010 0.000010 0.000010 0.000010 0.000010
0.999910 0.000010 0.000010 0.000010 0.000010 0.000010 0.000010 0.000010 0.000010 0.000010
0.953593 0.003962 0.000010 0.000010 0.000010 0.042375 0.000010 0.000010 0.000010 0.000010
0.853522 0.029887 0.009439 0.000010 0.000010 0.107092 0.000010 0.000010 0.000010 0.000010
0.999910 0.000010 0.000010 0.000010 0.000010 0.000010 0.000010 0.000010 0.000010 0.000010
0.968517 0.029447 0.000010 0.000010 0.000010 0.001966 0.000010 0.000010 0.000010 0.000010
0.999910 0.000010 0.000010 0.000010 0.000010 0.000010 0.000010 0.000010 0.000010 0.000010
0.999363 0.000010 0.000010 0.000010 0.000010 0.000557 0.000010 0.000010 0.000010 0.000010
0.999910 0.000010 0.000010 0.000010 0.000010 0.000010 0.000010 0.000010 0.000010 0.000010
0.999910 0.000010 0.000010 0.000010 0.000010 0.000010 0.000010 0.000010 0.000010 0.000010
