0.000010 0.173898 0.000010 0.715911 0.110170
0.000010 0.205803 0.000010 0.747642 0.046535
0.000010 0.217809 0.000010 0.782161 0.000010
0.000010 0.188241 0.000010 0.738525 0.073215
0.000010 0.214960 0.000010 0.785010 0.000010
0.000010 0.166859 0.000010 0.822483 0.010638
0.000010 0.281515 0.000010 0.709748 0.008716
0.260116 0.302370 0.000010 0.398319 0.039185
0.000010 0.177582 0.000010 0.771171 0.051227
0.000010 0.217270 0.000010 0.782700 0.000010
0.000010 0.877094 0.000010 0.000010 0.122876
0.000010 0.892668 0.000010 0.000010 0.107302
0.000010 0.854903 0.000010 0.000010 0.145067
0.000010 0.777019 0.000010 0.000010 0.222951
0.018471 0.738999 0.000010 0.000010 0.242510
0.000010 0.897292 0.000010 0.000010 0.102678
0.000010 0.823835 0.000010 0.000010 0.176135
0.000010 0.912369 0.000010 0.000010 0.087601
0.000010 0.854921 0.000010 0.000010 0.145049
0.203367 0.641568 0.000010 0.063497 0.091557
0.000515 0.799879 0.000010 0.000236 0.199359
0.000010 0.821337 0.000010 0.000010 0.178633
0.000010 0.835139 0.000010 0.000010 0.164831
0.000010 0.829504 0.000010 0.000010 0.170466
0.000010 0.868694 0.000010 0.000010 0.131276
0.000015 0.939686 0.000010 0.000010 0.060280
0.000010 0.957806 0.000010 0.000010 0.042164
0.000010 0.941422 0.000010 0.000010 0.058548
0.000010 0.930451 0.000010 0.000010 0.069519
0.000010 0.892175 0.000010 0.000010 0.107795
0.015731 0.025934 0.000010 0.000010 0.958315
0.000010 0.027298 0.000010 0.000010 0.972672
0.012759 0.087385 0.000010 0.009916 0.889931
0.000010 0.033893 0.000010 0.033784 0.932303
0.021312 0.051076 0.000010 0.000010 0.927591
0.000010 0.040449 0.000010 0.000010 0.959521
0.011626 0.007051 0.000010 0.000010 0.981303
0.000010 0.048764 0.000010 0.000010 0.951206
0.000010 0.014044 0.000010 0.016275 0.969662
0.000010 0.027510 0.000010 0.000010 0.972460
0.000010 0.000010 0.000010 0.269880 0.730090
0.000010 0.072158 0.000010 0.265673 0.662149
0.000010 0.000010 0.000010 0.343627 0.656343
0.000010 0.009734 0.000010 0.298111 0.692135
0.000016 0.000010 0.000010 0.281488 0.718476
0.000010 0.077332 0.000010 0.266300 0.656348
0.000010 0.000010 0.000010 0.286206 0.713764
0.000010 0.019034 0.000010 0.333135 0.647810
0.000010 0.032813 0.000010 0.240337 0.726830
0.006150 0.000010 0.000010 0.000010 0.993820
0.000010 0.227126 0.000010 0.119727 0.653127
0.000010 0.250821 0.000010 0.000010 0.749149
0.008208 0.000010 0.000010 0.000010 0.991762
0.000010 0.000010 0.000010 0.044217 0.955753
0.000019 0.164573 0.000010 0.044918 0.790480
0.007396 0.001307 0.000010 0.035954 0.955333
0.000010 0.089522 0.000010 0.015391 0.895067
0.000010 0.041846 0.000010 0.012290 0.945844
0.000010 0.006320 0.000010 0.000010 0.993650
0.000010 0.631565 0.000010 0.099982 0.268432
0.000011 0.599878 0.000010 0.064197 0.335904
0.000010 0.583878 0.000010 0.075436 0.340667
0.000013 0.646680 0.000010 0.092230 0.261067
0.000010 0.630427 0.000010 0.085150 0.284403
0.000010 0.634898 0.000010 0.043833 0.321249
0.000010 0.712599 0.000010 0.032566 0.254815
0.000010 0.686359 0.000010 0.016514 0.297107
0.000010 0.648450 0.000010 0.058536 0.292995
0.000010 0.614363 0.000010 0.081585 0.304032
0.000010 0.024237 0.000010 0.541950 0.433793
0.000010 0.000010 0.000010 0.610233 0.389737
0.000010 0.014307 0.000010 0.557599 0.428074
0.000010 0.000010 0.000010 0.538255 0.461715
0.000010 0.000010 0.000010 0.662637 0.337333
0.000010 0.021234 0.000010 0.566436 0.412310
0.000010 0.000010 0.000010 0.639868 0.360102
0.000010 0.015983 0.000010 0.509825 0.474172
0.000010 0.045852 0.000010 0.507722 0.446406
0.000019 0.000010 0.000010 0.587705 0.412257
0.000010 0.000010 0.000010 0.030068 0.969902
0.000010 0.000010 0.000010 0.028638 0.971332
0.000010 0.000010 0.000010 0.000010 0.999960
0.000010 0.001017 0.000010 0.040344 0.958620
0.000010 0.000010 0.000010 0.016738 0.983232
0.000010 0.000010 0.000010 0.007092 0.992878
0.000010 0.013362 0.000010 0.008638 0.977979
0.000010 0.000010 0.000010 0.032169 0.967801
0.000014 0.000010 0.000010 0.000010 0.999956
0.000010 0.000010 0.000010 0.029364 0.970606
0.000010 0.000010 0.000010 0.999960 0.000010
0.000010 0.000010 0.000010 0.999960 0.000010
0.000010 0.000010 0.000010 0.999960 0.000010
0.000010 0.038816 0.000010 0.961154 0.000010
0.000010 0.000010 0.000010 0.999960 0.000010
0.000010 0.000010 0.000010 0.999960 0.000010
0.000010 0.000010 0.000010 0.999960 0.000010
0.000015 0.000010 0.000010 0.999955 0.000010
0.000010 0.000010 0.000010 0.999960 0.000010
0.000014 0.000010 0.000010 0.999956 0.000010
0.000010 0.126188 0.000010 0.873782 0.000010
0.000010 0.000010 0.000010 0.999960 0.000010
0.274521 0.077707 0.000010 0.647751 0.000010
0.000010 0.000010 0.000010 0.999960 0.000010
0.000010 0.102339 0.000010 0.897631 0.000010
0.000010 0.000010 0.000010 0.999960 0.000010
0.000010 0.000010 0.000010 0.999960 0.000010
0.000010 0.121609 0.000010 0.878361 0.000010
0.000010 0.000010 0.000010 0.999960 0.000010
0.000010 0.000010 0.000010 0.999960 0.000010
0.000010 0.360372 0.000010 0.062745 0.576863
0.000010 0.347266 0.000010 0.069190 0.583524
0.000010 0.317435 0.000010 0.026052 0.656493
0.000010 0.271317 0.000010 0.038719 0.689944
0.000010 0.292746 0.000010 0.061623 0.645611
0.000010 0.229619 0.000010 0.116632 0.653730
0.000010 0.318464 0.000010 0.090660 0.590857
0.000010 0.302152 0.000010 0.095549 0.602279
0.000014 0.000019 0.999946 0.000011 0.000010
0.000010 0.000010 0.999960 0.000010 0.000010
0.000010 0.000016 0.999954 0.000010 0.000010
0.000010 0.000010 0.999960 0.000010 0.000010
0.000010 0.000010 0.999960 0.000010 0.000010
0.000010 0.000010 0.999960 0.000010 0.000010
0.000010 0.000010 0.999960 0.000010 0.000010
0.000010 0.000010 0.999960 0.000010 0.000010
0.000012 0.000010 0.999958 0.000010 0.000010
0.000010 0.882667 0.000010 0.000010 0.117303
0.000010 0.830758 0.000010 0.000010 0.169212
0.000010 0.632655 0.000010 0.000010 0.367315
0.000010 0.442539 0.000010 0.000010 0.557431
0.000010 0.644905 0.000010 0.000010 0.355065
0.000010 0.622184 0.000010 0.000010 0.377786
0.000010 0.608704 0.000010 0.000010 0.391266
0.000010 0.683733 0.000010 0.000010 0.316237
0.000010 0.689222 0.000010 0.000010 0.310748
0.000010 0.712782 0.000010 0.000010 0.287188
0.000010 0.638273 0.000010 0.000010 0.361697
0.000010 0.654985 0.000010 0.000010 0.344985
0.000010 0.163117 0.000010 0.836853 0.000010
0.000010 0.231935 0.000010 0.768035 0.000010
0.000010 0.238946 0.000010 0.761024 0.000010
0.000010 0.183216 0.000010 0.793037 0.023727
0.000010 0.234582 0.000010 0.765388 0.000010
0.000010 0.217349 0.000010 0.782621 0.000010
0.000010 0.218548 0.000010 0.781422 0.000010
0.000010 0.226108 0.000010 0.773862 0.000010
0.000010 0.249824 0.000010 0.698794 0.051362
0.000010 0.000010 0.000010 0.000010 0.999960
0.000010 0.000010 0.000010 0.013799 0.986171
0.000010 0.000010 0.000010 0.000010 0.999960
0.000010 0.000010 0.000010 0.000010 0.999960
0.000010 0.000010 0.000010 0.015960 0.984010
0.000010 0.000010 0.000010 0.000010 0.999960
0.000010 0.000010 0.000010 0.000010 0.999960
0.000010 0.000010 0.000010 0.000010 0.999960
0.000010 0.014272 0.000010 0.000010 0.985698
0.000010 0.000010 0.000010 0.022828 0.977142
0.000010 0.043948 0.000010 0.669963 0.286069
0.000010 0.005457 0.000010 0.755076 0.239448
0.000010 0.000010 0.000010 0.732644 0.267326
0.000010 0.041333 0.000010 0.683133 0.275514
0.000010 0.000010 0.000010 0.730712 0.269258
0.000010 0.092706 0.000010 0.660788 0.246485
0.000010 0.000010 0.000010 0.712959 0.287011
0.000010 0.017792 0.000010 0.716228 0.265961
0.000010 0.021861 0.000010 0.717898 0.260222
0.000010 0.064255 0.000010 0.767902 0.167823
0.000010 0.051427 0.000010 0.698959 0.249594
0.000010 0.114425 0.000010 0.768899 0.116655
0.000010 0.074914 0.000010 0.764964 0.160102
0.000010 0.042894 0.000010 0.808316 0.148770
0.000010 0.228020 0.000010 0.632369 0.139591
0.000010 0.083851 0.000010 0.790447 0.125683
0.000010 0.182912 0.000010 0.682489 0.134578
0.000010 0.097058 0.000010 0.663895 0.239027
0.000010 0.000010 0.226502 0.000010 0.773468
0.000010 0.012803 0.281403 0.000010 0.705774
0.000010 0.033552 0.190454 0.000010 0.775975
0.000010 0.000010 0.272070 0.006778 0.721132
0.000010 0.000010 0.404666 0.000010 0.595304
0.000010 0.000010 0.420767 0.000010 0.579203
0.000010 0.000010 0.570394 0.000010 0.429576
0.000010 0.002907 0.493993 0.002743 0.500347
0.000010 0.040486 0.296845 0.012092 0.650567
0.000010 0.055649 0.242971 0.004742 0.696628
0.000010 0.000010 0.000010 0.120928 0.879042
0.000010 0.000010 0.000010 0.204365 0.795605
0.000010 0.000010 0.000010 0.180255 0.819715
0.000010 0.000010 0.000010 0.151084 0.848886
0.000010 0.000010 0.000010 0.145663 0.854307
0.000010 0.000010 0.000010 0.171524 0.828446
0.000010 0.939239 0.000010 0.060731 0.000010
0.000010 0.770381 0.000010 0.161909 0.067691
0.000010 0.965070 0.000010 0.034900 0.000010
0.000010 0.992788 0.000010 0.007182 0.000010
0.000010 0.958112 0.000010 0.041858 0.000010
0.000010 0.922742 0.000010 0.077228 0.000010
0.000010 0.933334 0.000010 0.066636 0.000010
0.000010 0.946694 0.000010 0.053276 0.000010
0.000010 0.986948 0.000010 0.013022 0.000010
0.000010 0.925803 0.000010 0.074167 0.000010
0.000010 0.963762 0.000010 0.036208 0.000010
0.025692 0.766808 0.048730 0.158760 0.000010
0.000010 0.874418 0.000010 0.125552 0.000010
0.000010 0.928207 0.000010 0.071763 0.000010
0.000010 0.964428 0.000010 0.035542 0.000010
0.000010 0.937752 0.000010 0.062218 0.000010
0.000010 0.862606 0.000010 0.137364 0.000010
0.000010 0.909201 0.000010 0.090769 0.000010
0.000010 0.921786 0.000010 0.078184 0.000010
0.000010 0.844614 0.000010 0.155356 0.000010
0.000010 0.006880 0.000010 0.024565 0.968535
0.000010 0.000010 0.000010 0.000010 0.999960
0.000010 0.000010 0.000010 0.000010 0.999960
0.000010 0.020795 0.000010 0.014960 0.964225
0.000010 0.000010 0.000010 0.020602 0.979368
0.000010 0.000010 0.000010 0.000010 0.999960
0.000010 0.000010 0.000010 0.000010 0.999960
0.000010 0.000010 0.000010 0.000010 0.999960
0.000010 0.018198 0.000010 0.037763 0.944019
0.000011 0.037521 0.000010 0.019823 0.942636
0.000010 0.058356 0.000010 0.004121 0.937503
0.000010 0.033685 0.000010 0.010946 0.955349
0.000010 0.042164 0.000010 0.029137 0.928679
0.000010 0.042554 0.000010 0.033604 0.923822
0.000010 0.019719 0.000010 0.000010 0.980251
0.000010 0.047412 0.000010 0.000010 0.952558
0.005982 0.027054 0.000010 0.000010 0.966944
0.000010 0.024757 0.000010 0.027743 0.947480
0.000010 0.024028 0.000010 0.015901 0.960051
0.000010 0.000010 0.000010 0.000010 0.999960
0.000010 0.000010 0.000010 0.000010 0.999960
0.000010 0.000010 0.000010 0.000010 0.999960
0.000013 0.000010 0.000010 0.005371 0.994596
0.000010 0.006546 0.000010 0.000010 0.993424
0.000010 0.000010 0.000010 0.000010 0.999960
0.000010 0.015981 0.000010 0.000010 0.983989
0.000010 0.000010 0.000010 0.000010 0.999960
0.000010 0.000010 0.000010 0.000010 0.999960
0.000010 0.000010 0.000010 0.000010 0.999960
0.000010 0.023279 0.343408 0.000010 0.633294
0.000010 0.019171 0.093960 0.000010 0.886850
0.000010 0.021369 0.094762 0.000010 0.883849
0.000010 0.061634 0.104904 0.000010 0.833442
0.000010 0.003134 0.107904 0.000010 0.888941
0.000010 0.065300 0.020323 0.000010 0.914357
0.000010 0.026618 0.062555 0.000010 0.910807
0.000010 0.013275 0.160762 0.017196 0.808757
0.000010 0.020717 0.044008 0.003240 0.932025
0.000010 0.104234 0.000010 0.076235 0.819511
0.000010 0.046543 0.000010 0.071961 0.881475
0.000019 0.051287 0.000010 0.069790 0.878894
0.000010 0.040791 0.000010 0.084335 0.874853
0.000010 0.035669 0.000010 0.067234 0.897077
0.000010 0.038630 0.000010 0.094017 0.867333
0.000010 0.004405 0.000010 0.151058 0.844517
0.000010 0.037458 0.000010 0.095137 0.867386
0.000010 0.091889 0.000010 0.069139 0.838952
0.000010 0.955496 0.000010 0.044474 0.000010
0.000010 0.960419 0.000010 0.039551 0.000010
0.000010 0.910323 0.000010 0.089647 0.000010
0.000010 0.987480 0.000010 0.012490 0.000010
0.000010 0.948564 0.000010 0.051406 0.000010
0.000016 0.015274 0.000010 0.129473 0.855228
0.004533 0.034368 0.000010 0.132201 0.828888
0.000010 0.007592 0.000010 0.171214 0.821174
0.000010 0.065238 0.000010 0.140053 0.794689
0.000010 0.029568 0.000010 0.210170 0.760242
0.000010 0.013251 0.000010 0.203476 0.783254
0.000010 0.000010 0.000010 0.171259 0.828711
0.000010 0.076920 0.000010 0.138863 0.784197
0.000010 0.028608 0.000010 0.011764 0.959608
0.000015 0.000010 0.000010 0.016315 0.983650
0.000010 0.000010 0.000010 0.039102 0.960868
0.000010 0.038271 0.000010 0.028037 0.933673
0.000010 0.000010 0.000010 0.000010 0.999960
0.000010 0.000010 0.000010 0.000010 0.999960
0.000010 0.000016 0.000010 0.026885 0.973079
0.000010 0.011752 0.000010 0.030579 0.957649
0.000010 0.000011 0.000010 0.037539 0.962430
0.000018 0.038010 0.000010 0.033168 0.928794
0.999952 0.000010 0.000010 0.000018 0.000010
0.999960 0.000010 0.000010 0.000010 0.000010
0.999960 0.000010 0.000010 0.000010 0.000010
0.999960 0.000010 0.000010 0.000010 0.000010
0.999960 0.000010 0.000010 0.000010 0.000010
0.999960 0.000010 0.000010 0.000010 0.000010
0.999960 0.000010 0.000010 0.000010 0.000010
0.924165 0.000010 0.000010 0.075805 0.000010
0.999960 0.000010 0.000010 0.000010 0.000010
0.000010 0.717074 0.000010 0.000010 0.282896
0.000010 0.968277 0.000010 0.031693 0.000010
0.000010 0.964749 0.000010 0.035221 0.000010
0.000010 0.963855 0.000010 0.036115 0.000010
0.000010 0.913573 0.000010 0.086397 0.000010
0.000010 0.999960 0.000010 0.000010 0.000010
0.000010 0.996028 0.000010 0.003942 0.000010
0.000010 0.987021 0.000010 0.012949 0.000010
0.000010 0.980988 0.000010 0.018982 0.000010
0.000010 0.923869 0.000010 0.076101 0.000010
0.000010 0.672849 0.000010 0.287943 0.039188
0.000010 0.000010 0.000010 0.163378 0.836592
0.000010 0.000010 0.000010 0.170278 0.829692
0.000010 0.000010 0.000010 0.162893 0.837077
0.000010 0.000010 0.000010 0.142882 0.857088
0.000010 0.000010 0.000010 0.143886 0.856084
0.000010 0.000010 0.000010 0.167815 0.832155
0.000010 0.000010 0.000010 0.164217 0.835753
0.000020 0.000010 0.000010 0.140985 0.858975
0.000010 0.000010 0.000010 0.174613 0.825357
0.999960 0.000010 0.000010 0.000010 0.000010
0.999960 0.000010 0.000010 0.000010 0.000010
0.999960 0.000010 0.000010 0.000010 0.000010
0.999960 0.000010 0.000010 0.000010 0.000010
0.999960 0.000010 0.000010 0.000010 0.000010
0.999960 0.000010 0.000010 0.000010 0.000010
0.999960 0.000010 0.000010 0.000010 0.000010
0.999960 0.000010 0.000010 0.000010 0.000010
0.999960 0.000010 0.000010 0.000010 0.000010
0.999960 0.000010 0.000010 0.000010 0.000010
0.000010 0.999960 0.000010 0.000010 0.000010
0.000010 0.999960 0.000010 0.000010 0.000010
0.000010 0.948138 0.000010 0.051832 0.000010
0.000010 0.907182 0.000010 0.092788 0.000010
0.000010 0.997066 0.000010 0.002904 0.000010
0.000010 0.893744 0.000010 0.106226 0.000010
0.000010 0.985065 0.000010 0.014905 0.000010
0.000010 0.971969 0.000010 0.028001 0.000010
0.000010 0.980152 0.000010 0.019818 0.000010
0.000010 0.999960 0.000010 0.000010 0.000010
