V1 025 AlexNew AlexOld ATQ AXE BARD BY CR DEN DLG DQG EUR FOS GEN GF HAR HAZ IG IMN Iq Kik KL KUQ LAJ LON MAT MER MIL MNT PC PEA PET PHE QHI SAG SAM SVN SVO SW YAM YED ZAC
025 0 1541.09341605946 1541.82518329125 3759.34630065442 1818.50697814658 3670.39030878665 1243.57680814567 755.414522518139 4018.26123163045 305.410131625581 303.57018423422 1768.4262934813 1768.4262934813 4201.26037264292 1488.93791901599 4170.61685500875 1772.39684530321 313.662127157787 3677.39533672546 771.269747131181 475.201259260418 3909.36290362859 2570.1822986655 2911.48471955948 2458.30145974175 3685.97751251279 4170.61685500875 3823.06310747941 3685.83219362681 3884.82065247883 2739.76572799467 2472.34531260655 4170.61685500875 3290.01996000426 3598.45587170523 4587.4755281388 1631.44639077678 1631.44639077678 2929.16430491428 2524.55843465569 4561.12640605664 1479.34379342929
AlexNew 1541.09341605946 0 0.732258251951388 2336.08213354506 319.526582855051 2239.39861855533 648.199039749539 959.296044884813 2823.59090796797 1251.81693726353 1254.17287029274 229.888528655778 229.888528655778 3717.45273088681 321.942749184765 3664.50639211773 339.384158766173 1296.07436273113 2343.97250396151 1704.98444705409 1312.96344559862 2869.55281443703 1703.19422928639 2785.44389880675 1825.02794810975 2349.36000223663 3664.50639211773 2586.31341152355 2349.70177364038 2841.92528147003 1661.06323028168 1802.04467233614 3664.50639211773 2031.34314514716 2254.53150214241 3151.42915890372 107.518615909249 107.518615909249 2796.5520770359 1827.14901663857 3125.65905541371 1437.71763310837
AlexOld 1541.82518329125 0.732258251951388 0 2335.42649061428 318.89531403023 2238.73900907296 648.633840088228 959.959258404765 2823.07631279419 1252.54876098219 1254.90467343807 229.161828805943 229.161828805943 3717.31603231312 322.109251053841 3664.36002886518 338.949091465504 1296.80272913769 2343.37914345223 1705.62329154312 1313.65546343993 2869.1339993971 1702.97572494755 2785.59907201143 1825.00250119208 2348.76428906644 3664.36002886518 2585.77860829874 2349.10638943408 2841.50563923555 1660.69460448775 1801.9986397377 3664.36002886518 2030.8138128008 2253.93313070198 3150.77955084851 106.896773097782 106.896773097782 2796.70313490035 1827.02845406251 3125.01009131881 1438.10816047025
ATQ 3759.34630065442 2336.08213354506 2335.42649061428 0 2017.44047254256 100.539796820496 2526.44321388823 3023.27871160712 955.466303161339 3512.20299897598 3514.74677839293 2120.54112667559 2120.54112667559 2895.8785361173 2282.31306815099 2825.12459108347 2300.09568067598 3577.50714825294 376.238987038389 3572.41049144178 3382.09989345677 1358.38215665076 1667.99454376206 4596.35165476194 3491.36829911779 364.241535393137 2825.12459108347 738.002949074241 366.041915482282 1339.36003319311 1301.89460632636 3441.65110920397 2825.12459108347 710.180547994695 352.413386104892 2535.92697300656 2229.04990622835 2229.04990622835 4599.81637633211 1920.83318690268 2523.17389666232 3638.09262313974
AXE 1818.50697814658 319.526582855051 318.89531403023 2017.44047254256 0 1921.10753550545 751.732149798817 1170.04603962212 2516.11273611297 1540.21894580566 1542.66314040587 141.677649251048 141.677649251048 3514.36348321832 379.950030727074 3458.17178515292 440.669215690363 1592.27094504421 2026.10922048861 1886.0871575243 1539.48739841786 2582.4621152944 1481.79375360832 3010.49697759585 1996.39855432012 2031.30957067519 3458.17178515292 2275.5794115926 2031.67680820357 2554.67091613653 1391.18864651824 1966.3475902168 3458.17178515292 1721.8813858883 1936.29073777618 2992.88034022808 212.053294026455 212.053294026455 3020.30883982976 1640.09181479322 2967.76473632165 1727.6322682482
BARD 3670.39030878665 2239.39861855533 2238.73900907296 100.539796820496 1921.10753550545 0 2440.41377347326 2937.04494692541 1019.27715750973 3420.92129983832 3423.46109156249 2022.90748759331 2022.90748759331 2926.9243614817 2190.5721687429 2856.24106297885 2200.35129784643 3485.32438490419 409.734897095365 3495.74170423313 3297.56290349641 1403.44619463137 1624.80645461906 4499.03917512026 3393.88648143164 399.711378603654 2856.24106297885 789.437164124778 401.492131419607 1383.11437935334 1254.37286417325 3344.35750713187 2856.24106297885 686.367562119981 363.330104542898 2497.10753601654 2132.50491905723 2132.50491905723 4502.61847341531 1882.23055054026 2483.48902266827 3537.70992681923
BY 1243.57680814567 648.199039749539 648.633840088228 2526.44321388823 751.732149798817 2440.41377347326 0 496.866104428031 2792.23683978606 1032.52565214739 1035.06065257156 786.724296754196 786.724296754196 3307.14031504093 374.811363060722 3261.94276964746 987.582847676536 1114.99520002117 2433.83983345439 1145.21566783183 859.989747644683 2726.85301736005 1417.61975650248 3248.12654673079 2387.35460331581 2442.45751980878 3261.94276964746 2587.73470231389 2442.30504180571 2700.87126616659 1522.28416246423 2372.39979203294 3261.94276964746 2048.87309104464 2355.219434748 3743.42448661354 665.531390074835 665.531390074835 3261.5143924032 1450.49943327419 3718.20093556199 1777.79796355763
CR 755.414522518139 959.296044884813 959.959258404765 3023.27871160712 1170.04603962212 2937.04494692541 496.866104428031 0 3263.84552324753 588.343341690743 590.67209958131 1160.3632112293 1160.3632112293 3588.28042387615 801.059225153117 3550.21580015868 1268.05467324864 682.126952354788 2926.69218947025 751.405473995069 372.489900297918 3167.14264257217 1833.26335901439 3132.46700715726 2413.63682971586 2935.56267107988 3550.21580015868 3067.64878606214 2935.36788709559 3142.06888159956 1986.09817369615 2410.24487945109 3550.21580015868 2535.61150273692 2849.23318030268 4110.06780979295 1022.01693087111 1022.01693087111 3147.82916552424 1814.53901016242 4084.23800975952 1621.63591710685
DEN 4018.26123163045 2823.59090796797 2823.07631279419 955.466303161339 2516.11273611297 1019.27715750973 2792.23683978606 3263.84552324753 0 3824.75881756046 3827.29291974304 2646.75008750028 2646.75008750028 2022.88334808807 2664.73958115688 1952.97776110448 2893.98568861709 3906.37803748922 633.46557612695 3640.68748174573 3578.07190115387 470.872753140916 1511.91471434555 5371.52500741799 4272.95155011892 638.823169314697 1952.97776110448 258.987471421407 637.297625705519 463.107202852609 1279.01163217057 4227.47700157268 1952.97776110448 795.093919257038 716.350832801085 3472.03225769234 2719.18595788179 2719.18595788179 5377.28999810278 1674.74533569164 3460.82324775742 4238.1341135245
DLG 305.410131625581 1251.81693726353 1252.54876098219 3512.20299897598 1540.21894580566 3420.92129983832 1032.52565214739 588.343341690743 3824.75881756046 0 2.56095291309923 1480.94108709331 1480.94108709331 4155.1542672987 1230.51565232712 4119.64310357892 1470.65457220781 97.5471484913704 3451.09818566101 902.382407847882 469.608506445184 3747.29879998308 2418.10944405112 2742.41475171883 2203.89916234297 3459.01693095391 4119.64310357892 3618.99917431808 3458.98043998685 3721.86738204493 2552.90927821361 2214.01433113982 4119.64310357892 3076.55975839378 3369.28415785984 4282.12998302935 1346.16849986386 1346.16849986386 2759.35004866197 2402.74374610634 4255.78343377685 1262.22206150311
DQG 303.57018423422 1254.17287029274 1254.90467343807 3514.74677839293 1542.66314040587 3423.46109156249 1035.06065257156 590.67209958131 3827.29291974304 2.56095291309923 0 1483.3106391324 1483.3106391324 4157.13955659262 1233.0508525368 4121.65382761463 1472.77443399101 95.6550828799063 3453.65912025568 902.803904003878 470.73970947384 3749.76344726182 2420.52856164562 2741.85104932909 2204.36535173149 3461.57781767358 4121.65382761463 3621.54728553689 3461.54133641527 3724.33427472609 2555.42418283354 2214.54365520124 4121.65382761463 3079.11569227473 3371.84471582859 4283.93743951469 1348.56263388456 1348.56263388456 2758.79461189525 2405.05111250611 4257.59012597032 1262.08106411207
EUR 1768.4262934813 229.888528655778 229.161828805943 2120.54112667559 141.677649251048 2022.90748759331 786.724296754196 1160.3632112293 2646.75008750028 1480.94108709331 1483.3106391324 0 0 3652.91913107255 414.720212619131 3597.09508922258 302.12008212592 1525.9240559159 2145.28372413735 1894.99955374131 1522.6620487807 2720.90520494836 1621.37663478153 2869.04122228363 1859.03479965643 2150.00351284053 3597.09508922258 2403.98815349955 2150.43706414816 2693.08850843401 1532.49274168096 1829.88804420164 3597.09508922258 1851.8178196701 2054.56109521066 2964.68343038069 139.652536387812 139.652536387812 2878.90110418031 1775.05786452036 2939.2029113097 1593.03703238548
FOS 1768.4262934813 229.888528655778 229.161828805943 2120.54112667559 141.677649251048 2022.90748759331 786.724296754196 1160.3632112293 2646.75008750028 1480.94108709331 1483.3106391324 0 0 3652.91913107255 414.720212619131 3597.09508922258 302.12008212592 1525.9240559159 2145.28372413735 1894.99955374131 1522.6620487807 2720.90520494836 1621.37663478153 2869.04122228363 1859.03479965643 2150.00351284053 3597.09508922258 2403.98815349955 2150.43706414816 2693.08850843401 1532.49274168096 1829.88804420164 3597.09508922258 1851.8178196701 2054.56109521066 2964.68343038069 139.652536387812 139.652536387812 2878.90110418031 1775.05786452036 2939.2029113097 1593.03703238548
GEN 4201.26037264292 3717.45273088681 3717.31603231312 2895.8785361173 3514.36348321832 2926.9243614817 3307.14031504093 3588.28042387615 2022.88334808807 4155.1542672987 4157.13955659262 3652.91913107255 3652.91913107255 0 3425.17727139249 70.758896314217 3954.71175853109 4252.59718218762 2521.09315889088 3522.15059807592 3733.0891206034 1559.50130733305 2033.98943999974 6502.32843255776 5510.3468471914 2532.49225996138 70.758896314217 2173.73609774952 2530.6862540958 1573.39139305785 2213.81147222118 5479.12963678467 70.758896314217 2345.30741867718 2564.9573578308 5422.25946433951 3645.52806059561 3645.52806059561 6513.66262400809 1891.14658700363 5407.92295469796 5079.57437555591
GF 1488.93791901599 321.942749184765 322.109251053841 2282.31306815099 379.950030727074 2190.5721687429 374.811363060722 801.059225153117 2664.73958115688 1230.51565232712 1233.0508525368 414.720212619131 414.720212619131 3425.17727139249 0 3374.1873668141 647.558665714128 1295.34706751542 2238.1469618638 1506.59253130677 1173.1950827343 2664.03734678782 1434.75076360412 3079.36855804307 2141.84184063022 2245.19264418759 3374.1873668141 2440.44201655365 2245.29154682058 2636.88293023215 1443.43587732936 2120.24875927088 3374.1873668141 1887.11278555506 2153.2245842589 3368.93395170993 304.980016942411 304.980016942411 3091.18081162306 1534.70268894808 3343.6757072611 1679.57517791791
HAR 4170.61685500875 3664.50639211773 3664.36002886518 2825.12459108347 3458.17178515292 2856.24106297885 3261.94276964746 3550.21580015868 1952.97776110448 4119.64310357892 4121.65382761463 3597.09508922258 3597.09508922258 70.758896314217 3374.1873668141 0 3898.69392774225 4217.00313718415 2450.35571592401 3498.23279987955 3701.1174165014 1489.1509852881 1976.92867587912 6449.82398418572 5453.61363762494 2461.74967836415 0 2103.07053671806 2459.94366565198 1502.92877754636 2150.77871807228 5421.99940221334 0 2275.84410200676 2494.31871147369 5351.68029032436 3591.51763326783 3591.51763326783 6461.02362051955 1839.55722805455 5337.36798978036 5032.258692598
HAZ 1772.39684530321 339.384158766173 338.949091465504 2300.09568067598 440.669215690363 2200.35129784643 987.582847676536 1268.05467324864 2893.98568861709 1470.65457220781 1472.77443399101 302.12008212592 302.12008212592 3954.71175853109 647.558665714128 3898.69392774225 0 1497.16562278427 2363.60034834576 2019.15485295095 1604.30121120253 2993.98382782869 1922.45638838887 2573.44138124802 1556.91506696973 2367.07707357077 3898.69392774225 2645.56821007154 2367.67512739136 2966.10369993656 1821.37278623933 1527.90191751723 3898.69392774225 2100.11695079494 2271.20209763699 2850.00721036542 347.436753577403 347.436753577403 2582.91765648491 2076.9486349295 2823.96479623547 1351.42249389191
IG 313.662127157787 1296.07436273113 1296.80272913769 3577.50714825294 1592.27094504421 3485.32438490419 1114.99520002117 682.126952354788 3906.37803748922 97.5471484913704 95.6550828799063 1525.9240559159 1525.9240559159 4252.59718218762 1295.34706751542 4217.00313718415 1497.16562278427 0 3524.04818754733 980.352168831991 561.205873098014 3835.11603024462 2508.3739442634 2663.46316973274 2154.6164868335 3531.74633160298 4217.00313718415 3698.19614363985 3531.74515009974 3809.54951939111 2636.9989683971 2166.87765158978 4217.00313718415 3153.67622826158 3441.35945746229 4288.20807240795 1393.60537010959 1393.60537010959 2680.58709778141 2496.58873411643 4261.82834622151 1195.1183078867
IMN 3677.39533672546 2343.97250396151 2343.37914345223 376.238987038389 2026.10922048861 409.734897095365 2433.83983345439 2926.69218947025 633.46557612695 3451.09818566101 3453.65912025568 2145.28372413735 2145.28372413735 2521.09315889088 2238.1469618638 2450.35571592401 2363.60034834576 3524.04818754733 0 3413.5981785884 3270.99397817841 994.140647704663 1397.1624818629 4775.76801262519 3672.41570799916 13.7271349618599 2450.35571592401 387.29820276286 12.2743114469664 973.557786443941 1055.34143525359 3625.30579337393 2450.35571592401 428.016995552808 93.2820341467295 2905.73338365241 2236.74131023046 2236.74131023046 4780.67091025177 1632.49306285626 2892.3614531431 3714.95246356108
Iq 771.269747131181 1704.98444705409 1705.62329154312 3572.41049144178 1886.0871575243 3495.74170423313 1145.21566783183 751.405473995069 3640.68748174573 902.382407847882 902.803904003878 1894.99955374131 1894.99955374131 3522.15059807592 1506.59253130677 3498.23279987955 2019.15485295095 980.352168831991 3413.5981785884 0 472.052721816537 3450.16460383969 2131.90258118511 3643.61496818706 3067.38468192839 3424.27331726099 3498.23279987955 3481.90245741099 3423.74659012211 3428.37893249808 2386.69797473135 3071.61690646379 3498.23279987955 2995.28016700931 3347.30289399391 4855.85425694275 1759.51072369756 1759.51072369756 3660.67870266203 2016.71444848869 4830.15209572797 2161.51556831713
Kik 475.201259260418 1312.96344559862 1313.65546343993 3382.09989345677 1539.48739841786 3297.56290349641 859.989747644683 372.489900297918 3578.07190115387 469.608506445184 470.73970947384 1522.6620487807 1522.6620487807 3733.0891206034 1173.1950827343 3701.1174165014 1604.30121120253 561.205873098014 3270.99397817841 472.052721816537 0 3449.75327713567 2109.47345167091 3201.08304211623 2595.73694894422 3280.35211541867 3701.1174165014 3392.41827000806 3280.07266029397 3425.69127851232 2299.7150088241 2599.67049032616 3701.1174165014 2871.01929998088 3196.07740997655 4454.10284494811 1383.31310545654 1383.31310545654 3217.69506802106 2053.36590895987 4428.09276451553 1704.60835235985
KL 3909.36290362859 2869.55281443703 2869.1339993971 1358.38215665076 2582.4621152944 1403.44619463137 2726.85301736005 3167.14264257217 470.872753140916 3747.29879998308 3749.76344726182 2720.90520494836 2720.90520494836 1559.50130733305 2664.03734678782 1489.1509852881 2993.98382782869 3835.11603024462 994.140647704663 3450.16460383969 3449.75327713567 0 1340.28128681748 5537.24460014896 4456.14064315255 1003.80101514647 1489.1509852881 622.165816743727 1002.02732869352 27.888715143326 1220.93985998693 4414.32929502037 1489.1509852881 960.338896606938 1055.04962802894 3894.15071088912 2771.13562917734 2771.13562917734 5544.64752100023 1435.21862122456 3881.51696792009 4306.19072445363
KUQ 2570.1822986655 1703.19422928639 1702.97572494755 1667.99454376206 1481.79375360832 1624.80645461906 1417.61975650248 1833.26335901439 1511.91471434555 2418.10944405112 2420.52856164562 1621.37663478153 1621.37663478153 2033.98943999974 1434.75076360412 1976.92867587912 1922.45638838887 2508.3739442634 1397.1624818629 2131.90258118511 2109.47345167091 1340.28128681748 0 4484.20427384346 3476.68530912395 1410.03437793766 1976.92867587912 1373.90268325961 1408.98325661286 1316.25042564239 374.936137352027 3445.18491053689 1976.92867587912 973.824106392274 1357.01843530375 3805.66434710721 1623.36059704139 1623.36059704139 4494.7186130118 269.709683634278 3785.47982615563 3114.25447635961
LAJ 2911.48471955948 2785.44389880675 2785.59907201143 4596.35165476194 3010.49697759585 4499.03917512026 3248.12654673079 3132.46700715726 5371.52500741799 2742.41475171883 2741.85104932909 2869.04122228363 2869.04122228363 6502.32843255776 3079.36855804307 6449.82398418572 2573.44138124802 2663.46316973274 4775.76801262519 3643.61496818706 3201.08304211623 5537.24460014896 4484.20427384346 0 1105.36115938842 4775.41343461023 6449.82398418572 5113.53249462826 4776.46384727501 5509.4426430247 4393.24571665871 1154.70118516875 6449.82398418572 4601.3801189394 4683.48368405018 3532.61301217994 2861.10874475935 2861.10874475935 19.0979079148239 4611.27637797135 3511.95253931815 1511.22367911028
LON 2458.30145974175 1825.02794810975 1825.00250119208 3491.36829911779 1996.39855432012 3393.88648143164 2387.35460331581 2413.63682971586 4272.95155011892 2203.89916234297 2204.36535173149 1859.03479965643 1859.03479965643 5510.3468471914 2141.84184063022 5453.61363762494 1556.91506696973 2154.6164868335 3672.41570799916 3067.38468192839 2595.73694894422 4456.14064315255 3476.68530912395 1105.36115938842 0 3671.8333258726 5453.61363762494 4014.42284800742 3672.9073391824 4428.48897977139 3346.07506484143 55.3628155325561 5453.61363762494 3510.70520951549 3580.3882278895 2719.54297637254 1880.6638565949 1880.6638565949 1109.38672658663 3633.32119533327 2695.43656193009 1020.23017744666
MAT 3685.97751251279 2349.36000223663 2348.76428906644 364.241535393137 2031.30957067519 399.711378603654 2442.45751980878 2935.56267107988 638.823169314697 3459.01693095391 3461.57781767358 2150.00351284053 2150.00351284053 2532.49225996138 2245.19264418759 2461.74967836415 2367.07707357077 3531.74633160298 13.7271349618599 3424.27331726099 3280.35211541867 1003.80101514647 1410.03437793766 4775.41343461023 3671.8333258726 0 2461.74967836415 394.690571698546 1.80604265918896 983.40373214322 1067.50920584879 3624.60833147573 2461.74967836415 440.237221730872 95.8752057283434 2895.00373486248 2242.08626665568 2242.08626665568 4780.25803264167 1645.73252240322 2881.7019278656 3718.35050045512
MER 4170.61685500875 3664.50639211773 3664.36002886518 2825.12459108347 3458.17178515292 2856.24106297885 3261.94276964746 3550.21580015868 1952.97776110448 4119.64310357892 4121.65382761463 3597.09508922258 3597.09508922258 70.758896314217 3374.1873668141 0 3898.69392774225 4217.00313718415 2450.35571592401 3498.23279987955 3701.1174165014 1489.1509852881 1976.92867587912 6449.82398418572 5453.61363762494 2461.74967836415 0 2103.07053671806 2459.94366565198 1502.92877754636 2150.77871807228 5421.99940221334 0 2275.84410200676 2494.31871147369 5351.68029032436 3591.51763326783 3591.51763326783 6461.02362051955 1839.55722805455 5337.36798978036 5032.258692598
MIL 3823.06310747941 2586.31341152355 2585.77860829874 738.002949074241 2275.5794115926 789.437164124778 2587.73470231389 3067.64878606214 258.987471421407 3618.99917431808 3621.54728553689 2403.98815349955 2403.98815349955 2173.73609774952 2440.44201655365 2103.07053671806 2645.56821007154 3698.19614363985 387.29820276286 3481.90245741099 3392.41827000806 622.165816743727 1373.90268325961 5113.53249462826 4014.42284800742 394.690571698546 2103.07053671806 0 393.021782516374 604.531027115302 1097.97602816512 3968.83063305459 2103.07053671806 555.503342700692 463.939509338313 3272.66906782933 2480.96686075111 2480.96686075111 5119.21107061101 1567.16438362163 3260.25043072529 3992.71447616174
MNT 3685.83219362681 2349.70177364038 2349.10638943408 366.041915482282 2031.67680820357 401.492131419607 2442.30504180571 2935.36788709559 637.297625705519 3458.98043998685 3461.54133641527 2150.43706414816 2150.43706414816 2530.6862540958 2245.29154682058 2459.94366565198 2367.67512739136 3531.74515009974 12.2743114469664 3423.74659012211 3280.07266029397 1002.02732869352 1408.98325661286 4776.46384727501 3672.9073391824 1.80604265918896 2459.94366565198 393.021782516374 0 981.623828207406 1066.64996432028 3625.6944570656 2459.94366565198 439.359846249114 96.4840903925018 2896.80415150824 2242.43379526858 2242.43379526858 4781.31467976907 1644.55774039343 2883.50112108767 3718.96025435119
PC 3884.82065247883 2841.92528147003 2841.50563923555 1339.36003319311 2554.67091613653 1383.11437935334 2700.87126616659 3142.06888159956 463.107202852609 3721.86738204493 3724.33427472609 2693.08850843401 2693.08850843401 1573.39139305785 2636.88293023215 1502.92877754636 2966.10369993656 3809.54951939111 973.557786443941 3428.37893249808 3425.69127851232 27.888715143326 1316.25042564239 5509.4426430247 4428.48897977139 983.40373214322 1502.92877754636 604.531027115302 981.623828207406 0 1193.91274084246 4386.71103542648 1502.92877754636 933.642856122582 1033.19132740061 3875.28172373162 2743.4510081475 2743.4510081475 5516.85369973543 1414.1970437621 3862.51796014746 4278.5025528192
PEA 2739.76572799467 1661.06323028168 1660.69460448775 1301.89460632636 1391.18864651824 1254.37286417325 1522.28416246423 1986.09817369615 1279.01163217057 2552.90927821361 2555.42418283354 1532.49274168096 1532.49274168096 2213.81147222118 1443.43587732936 2150.77871807228 1821.37278623933 2636.9989683971 1055.34143525359 2386.69797473135 2299.7150088241 1220.93985998693 374.936137352027 4393.24571665871 3346.07506484143 1067.50920584879 2150.77871807228 1097.97602816512 1066.64996432028 1193.91274084246 0 3309.83641578136 2150.77871807228 627.33033342115 1005.39401552354 3458.42902359713 1566.91809452862 1566.91809452862 4402.30468317465 641.82091962161 3438.96813523339 3098.31089078772
PET 2472.34531260655 1802.04467233614 1801.9986397377 3441.65110920397 1966.3475902168 3344.35750713187 2372.39979203294 2410.24487945109 4227.47700157268 2214.01433113982 2214.54365520124 1829.88804420164 1829.88804420164 5479.12963678467 2120.24875927088 5421.99940221334 1527.90191751723 2166.87765158978 3625.30579337393 3071.61690646379 2599.67049032616 4414.32929502037 3445.18491053689 1154.70118516875 55.3628155325561 3624.60833147573 5421.99940221334 3968.83063305459 3625.6944570656 4386.71103542648 3309.83641578136 0 5421.99940221334 3467.32284052715 3533.41198822951 2668.24288534514 1855.13766293326 1855.13766293326 1158.30252803907 3604.84475112729 2644.05162901147 1046.35877099591
PHE 4170.61685500875 3664.50639211773 3664.36002886518 2825.12459108347 3458.17178515292 2856.24106297885 3261.94276964746 3550.21580015868 1952.97776110448 4119.64310357892 4121.65382761463 3597.09508922258 3597.09508922258 70.758896314217 3374.1873668141 0 3898.69392774225 4217.00313718415 2450.35571592401 3498.23279987955 3701.1174165014 1489.1509852881 1976.92867587912 6449.82398418572 5453.61363762494 2461.74967836415 0 2103.07053671806 2459.94366565198 1502.92877754636 2150.77871807228 5421.99940221334 0 2275.84410200676 2494.31871147369 5351.68029032436 3591.51763326783 3591.51763326783 6461.02362051955 1839.55722805455 5337.36798978036 5032.258692598
QHI 3290.01996000426 2031.34314514716 2030.8138128008 710.180547994695 1721.8813858883 686.367562119981 2048.87309104464 2535.61150273692 795.093919257038 3076.55975839378 3079.11569227473 1851.8178196701 1851.8178196701 2345.30741867718 1887.11278555506 2275.84410200676 2100.11695079494 3153.67622826158 428.016995552808 2995.28016700931 2871.01929998088 960.338896606938 973.824106392274 4601.3801189394 3510.70520951549 440.237221730872 2275.84410200676 555.503342700692 439.359846249114 933.642856122582 627.33033342115 3467.32284052715 2275.84410200676 0 383.283275161905 3102.66615734624 1926.27068902201 1926.27068902201 4607.94719313615 1217.29375055459 3086.41527376052 3443.05552580091
SAG 3598.45587170523 2254.53150214241 2253.93313070198 352.413386104892 1936.29073777618 363.330104542898 2355.219434748 2849.23318030268 716.350832801085 3369.28415785984 3371.84471582859 2054.56109521066 2054.56109521066 2564.9573578308 2153.2245842589 2494.31871147369 2271.20209763699 3441.35945746229 93.2820341467295 3347.30289399391 3196.07740997655 1055.04962802894 1357.01843530375 4683.48368405018 3580.3882278895 95.8752057283434 2494.31871147369 463.939509338313 96.4840903925018 1033.19132740061 1005.39401552354 3533.41198822951 2494.31871147369 383.283275161905 0 2857.6908634545 2147.21387128939 2147.21387128939 4688.44564320375 1599.59940810915 2843.67116640054 3622.47941271381
SAM 4587.4755281388 3151.42915890372 3150.77955084851 2535.92697300656 2992.88034022808 2497.10753601654 3743.42448661354 4110.06780979295 3472.03225769234 4282.12998302935 4283.93743951469 2964.68343038069 2964.68343038069 5422.25946433951 3368.93395170993 5351.68029032436 2850.00721036542 4288.20807240795 2905.73338365241 4855.85425694275 4454.10284494811 3894.15071088912 3805.66434710721 3532.61301217994 2719.54297637254 2895.00373486248 5351.68029032436 3272.66906782933 2896.80415150824 3875.28172373162 3458.42902359713 2668.24288534514 5351.68029032436 3102.66615734624 2857.6908634545 0 3097.72604542694 3097.72604542694 3524.57403893822 4071.26167214848 26.3996686939608 3546.39855510793
SVN 1631.44639077678 107.518615909249 106.896773097782 2229.04990622835 212.053294026455 2132.50491905723 665.531390074835 1022.01693087111 2719.18595788179 1346.16849986386 1348.56263388456 139.652536387812 139.652536387812 3645.52806059561 304.980016942411 3591.51763326783 347.436753577403 1393.60537010959 2236.74131023046 1759.51072369756 1383.31310545654 2771.13562917734 1623.36059704139 2861.10874475935 1880.6638565949 2242.08626665568 3591.51763326783 2480.96686075111 2242.43379526858 2743.4510081475 1566.91809452862 1855.13766293326 3591.51763326783 1926.27068902201 2147.21387128939 3097.72604542694 0 0 2871.77784987438 1758.05346454623 3072.14705083349 1535.05744067047
SVO 1631.44639077678 107.518615909249 106.896773097782 2229.04990622835 212.053294026455 2132.50491905723 665.531390074835 1022.01693087111 2719.18595788179 1346.16849986386 1348.56263388456 139.652536387812 139.652536387812 3645.52806059561 304.980016942411 3591.51763326783 347.436753577403 1393.60537010959 2236.74131023046 1759.51072369756 1383.31310545654 2771.13562917734 1623.36059704139 2861.10874475935 1880.6638565949 2242.08626665568 3591.51763326783 2480.96686075111 2242.43379526858 2743.4510081475 1566.91809452862 1855.13766293326 3591.51763326783 1926.27068902201 2147.21387128939 3097.72604542694 0 0 2871.77784987438 1758.05346454623 3072.14705083349 1535.05744067047
SW 2929.16430491428 2796.5520770359 2796.70313490035 4599.81637633211 3020.30883982976 4502.61847341531 3261.5143924032 3147.82916552424 5377.28999810278 2759.35004866197 2758.79461189525 2878.90110418031 2878.90110418031 6513.66262400809 3091.18081162306 6461.02362051955 2582.91765648491 2680.58709778141 4780.67091025177 3660.67870266203 3217.69506802106 5544.64752100023 4494.7186130118 19.0979079148239 1109.38672658663 4780.25803264167 6461.02362051955 5119.21107061101 4781.31467976907 5516.85369973543 4402.30468317465 1158.30252803907 6461.02362051955 4607.94719313615 4688.44564320375 3524.57403893822 2871.77784987438 2871.77784987438 0 4622.68017259673 3503.99908969474 1526.79465625914
YAM 2524.55843465569 1827.14901663857 1827.02845406251 1920.83318690268 1640.09181479322 1882.23055054026 1450.49943327419 1814.53901016242 1674.74533569164 2402.74374610634 2405.05111250611 1775.05786452036 1775.05786452036 1891.14658700363 1534.70268894808 1839.55722805455 2076.9486349295 2496.58873411643 1632.49306285626 2016.71444848869 2053.36590895987 1435.21862122456 269.709683634278 4611.27637797135 3633.32119533327 1645.73252240322 1839.55722805455 1567.16438362163 1644.55774039343 1414.1970437621 641.82091962161 3604.84475112729 1839.55722805455 1217.29375055459 1599.59940810915 4071.26167214848 1758.05346454623 1758.05346454623 4622.68017259673 0 4050.85932966771 3200.42295187595
YED 4561.12640605664 3125.65905541371 3125.01009131881 2523.17389666232 2967.76473632165 2483.48902266827 3718.20093556199 4084.23800975952 3460.82324775742 4255.78343377685 4257.59012597032 2939.2029113097 2939.2029113097 5407.92295469796 3343.6757072611 5337.36798978036 2823.96479623547 4261.82834622151 2892.3614531431 4830.15209572797 4428.09276451553 3881.51696792009 3785.47982615563 3511.95253931815 2695.43656193009 2881.7019278656 5337.36798978036 3260.25043072529 2883.50112108767 3862.51796014746 3438.96813523339 2644.05162901147 5337.36798978036 3086.41527376052 2843.67116640054 26.3996686939608 3072.14705083349 3072.14705083349 3503.99908969474 4050.85932966771 0 3520.62524955225
ZAC 1479.34379342929 1437.71763310837 1438.10816047025 3638.09262313974 1727.6322682482 3537.70992681923 1777.79796355763 1621.63591710685 4238.1341135245 1262.22206150311 1262.08106411207 1593.03703238548 1593.03703238548 5079.57437555591 1679.57517791791 5032.258692598 1351.42249389191 1195.1183078867 3714.95246356108 2161.51556831713 1704.60835235985 4306.19072445363 3114.25447635961 1511.22367911028 1020.23017744666 3718.35050045512 5032.258692598 3992.71447616174 3718.96025435119 4278.5025528192 3098.31089078772 1046.35877099591 5032.258692598 3443.05552580091 3622.47941271381 3546.39855510793 1535.05744067047 1535.05744067047 1526.79465625914 3200.42295187595 3520.62524955225 0
